Point
0
1.3886639676113361
2.9232793522267206
3.4198380566801623
2.5406882591093107
2.0621457489878545
0.7398785425101193
2.5107287449392715
1.6977732793522262
-0.003441295546558587
2.722874493927126
1.574898785425101
3.2726720647773275
1.0054655870445348
1.6220647773279353
0.5412955465587045
2.5163967611336036
4.145344129554656
4.333805668016194
3.321255060728744
3.7119433198380567
3.032186234817814
1.883400809716599
2.718218623481781
3.031781376518219
2.2566801619433194
2.823481781376518
2.2748987854251004
3.5510121457489885
1.7987854251012148
1.459514170040486
2.001012145748988
1.5516194331983806
0.6933198380566795
1.7763157894736845
2.8825910931174086
1.438056680161943
8.523279352226721
3.5570850202429147
2.671457489878543
4.0815789473684205
5.272672064777328
2.7230769230769227
2.1783400809716595
1.0060728744939271
0.7380566801619425
3.5198380566801624
0.509919028340081
1.7609311740890692
2.730971659919028
1.8997975708502022
3.5481781376518224
2.358502024291498
2.3931174089068823
1.8585020242914978
3.0082995951417004
2.3524291497975716
2.1315789473684212
2.928137651821862
2.777125506072875
3.0761133603238866
5.570242914979757
1.4943319838056681
6.206882591093118
4.163967611336032
2.622267206477732
3.07914979757085
1.3528340080971664
1.5469635627530363
3.941093117408907
1.834412955465587
3.0222672064777325
1.9947368421052636
3.6908906882591097
2.086437246963563
2.325910931174089
2.8882591093117402
1.749392712550608
2.0461538461538464
3.446153846153845
3.0133603238866398
2.2987854251012148
3.5943319838056684
2.2633603238866398
1.3095141700404858
4.049392712550608
2.2032388663967613
3.7334008097166
3.809716599190283
2.2070850202429146
3.503643724696356
3.6159919028340086
1.2348178137651822
1.240080971659919
1.2469635627530367
2.052024291497976
3.522064777327935
2.131376518218624
2.432995951417004
2.5342105263157895
1.3969635627530361
2.676923076923077
1.8965587044534415
3.4781376518218625
4.331781376518219
3.374291497975708
2.0676113360323884
2.501012145748988
2.209109311740891
4.100404858299595
0.23097165991902785
1.6447368421052633
3.3809716599190285
2.2384615384615385
1.37834008097166
0.9099190283400811
3.992914979757084
2.117408906882591
1.7131578947368422
1.8767206477732798
5.881376518218624
3.492105263157895
2.4860323886639675
1.241093117408907
4.605263157894736
2.919635627530363
3.8945344129554655
3.584817813765183
2.5101214574898787
3.9010121457489872
2.3449392712550607
3.7949392712550614
1.8933198380566802
2.993927125506073
4.94757085020243
2.815182186234817
1.6165991902834007
4.565789473684211
1.0147773279352226
-0.39554655870445377
3.416396761133603
2.3993927125506076
6.1412955465587045
1.1848178137651826
5.5935222672064775
1.57348178137652
1.82165991902834
0.07914979757085094
2.2457489878542516
2.2305668016194327
2.8548582995951417
1.5951417004048583
2.4105263157894736
4.160526315789474
3.5419028340080976
1.7455465587044532
1.2143724696356273
0.8153846153846156
1.6884615384615382
2.1311740890688258
3.223684210526317
1.80668016194332
1.5311740890688257
4.119230769230769
1.2522267206477726
2.3
2.6251012145748986
7.296153846153847
1.4103238866396768
3.293522267206477
2.272267206477733
4.307287449392713
2.299392712550607
0.6396761133603232
1.8751012145748993
2.20161943319838
3.2358299595141706
0.6692307692307682
1.1643724696356275
2.850202429149798
3.933805668016194
3.6706477732793528
3.803238866396762
3.007287449392712
1.2544534412955466
2.214979757085021
2.2676113360323886
2.09251012145749
1.7441295546558704
2.9168016194331976
1.7439271255060729
0.9414979757085022
2.6917004048582993
1.5236842105263162
3.9910931174089064
1.7929149797570847
1.6289473684210527
0.8508097165991904
2.9056680161943316
2.8267206477732794
2.0212550607287447
1.619028340080972
2.46174089068826
2.1945344129554654
2.7805668016194334
1.5435222672064777
1.6639676113360322
1.9113360323886635
0.9979757085020245
2.123279352226721
2.8500000000000005
1.3742914979757084
2.2647773279352235
4.204048582995952
4.212145748987854
1.6002024291497976
2.298582995951417
5.630566801619433
2.8103238866396767
3.867004048582996
1.7955465587044535
7.416599190283401
3.6376518218623484
2.253238866396761
1.262753036437247
4.047975708502025
1.9923076923076926
1.150607287449393
1.738461538461538
4.029554655870445
4.7615384615384615
2.130566801619433
1.9603238866396762
3.36417004048583
2.5730769230769233
0.7309716599190279
1.4860323886639675
4.516194331983805
6.242712550607288
1.7773279352226723
3.5593117408906885
2.930566801619433
3.0781376518218617
3.026518218623483
4.360526315789473
0.6194331983805672
2.674696356275304
2.809716599190284
1.9356275303643724
1.5919028340080972
2.387246963562753
0.21842105263157896
1.5504048582995953
3.7572874493927118
1.5767206477732798
1.8876518218623481
1.1929149797570853
2.2981781376518216
2.133603238866397
4.180566801619433
2.35668016194332
2.701821862348178
1.9815789473684213
1.77672064777328
1.82914979757085
1.9510121457489882
2.0208502024291497
2.222064777327935
3.6813765182186238
2.5066801619433203
2.63663967611336
3.626518218623482
3.3568825910931173
4.348178137651821
1.995951417004048
-0.13279352226720764
9.71336032388664
2.8906882591093117
4.426315789473684
2.4718623481781377
2.8943319838056674
1.8807692307692312
3.1623481781376515
1.6451417004048585
3.9742914979757096
3.9030364372469633
1.4449392712550602
3.2346153846153847
2.2629554655870434
2.939878542510122
5.4176113360323885
5.801821862348179
2.4787449392712553
1.6641700404858297
1.6520242914979757
1.6639676113360322
2.3720647773279353
5.330971659919029
2.8931174089068823
2.1983805668016196
2.417004048582996
2.6196356275303647
3.5052631578947375
2.3714574898785425
1.9815789473684207
2.25587044534413
3.9763157894736842
1.8607287449392709
2.842307692307693
3.8696356275303643
3.2862348178137655
1.6248987854251016
2.223684210526316
3.542105263157895
3.2350202429149792
2.039878542510121
1.5730769230769235
1.5331983805668017
3.3866396761133606
2.3823886639676113
1.9846153846153842
3.1793522267206478
0.6078947368421053
5.416396761133603
1.1765182186234817
3.4236842105263157
2.6621457489878546
4.1993927125506065
5.738866396761133
3.2528340080971656
1.0228744939271253
2.1518218623481777
4.025101214574899
4.063765182186234
1.908097165991903
1.04412955465587
4.275506072874494
3.8417004048582992
3.2981781376518224
1.1884615384615387
2.626113360323887
4.9526315789473685
2.9734817813765178
1.9603238866396766
3.8473684210526313
3.551619433198381
2.010323886639676
1.0269230769230768
1.5050607287449398
3.9327935222672066
2.3218623481781377
1.4336032388663966
4.404655870445343
1.3674089068825914
3.626518218623483
2.60910931174089
3.4661943319838056
2.480566801619433
1.7334008097165985
2.290080971659919
2.4771255060728743
1.316599190283401
1.5668016194331984
3.0046558704453448
1.192914979757085
4.347975708502025
2.6637651821862347
2.7929149797570854
-0.1949392712550606
0.5943319838056682
2.337651821862348
2.1607287449392714
2.1827935222672066
2.317408906882591
4.964777327935223
2.0360323886639677
4.051417004048583
5.78846153846154
3.2939271255060714
3.122672064777328
2.0941295546558707
2.4125506072874496
2.180364372469636
3.501012145748988
1.2585020242914982
1.6352226720647771
2.1748987854251016
2.1874493927125505
3.7192307692307707
3.4435222672064776
2.6896761133603238
3.0989878542510123
3.144129554655871
1.736437246963563
2.8054655870445355
1.6935222672064776
1.8834008097165993
2.1016194331983806
2.587246963562753
1.3971659919028347
1.9327935222672068
3.638663967611336
3.5878542510121454
3.4064777327935225
2.011538461538461
1.3548582995951417
1.4670040485829958
3.581174089068826
2.0540485829959514
2.0149797570850203
1.9212550607287449
0.9261133603238866
1.2854251012145754
6.854251012145749
1.8611336032388663
3.5613360323886645
2.9161943319838057
3.4315789473684215
1.63582995951417
2.49251012145749
4.1939271255060735
2.1421052631578945
2.3696356275303643
4.182186234817814
0.8285425101214577
3.7360323886639675
-1.3459514170040494
3.0056680161943325
5.057287449392712
2.4412955465587043
1.5400809716599193
2.1858299595141713
1.9949392712550602
2.753036437246964
1.5251012145748994
2.5109311740890687
2.766801619433198
2.118218623481782
1.4295546558704455
0.928947368421053
1.8902834008097167
2.9222672064777333
2.299999999999999
2.0107287449392715
1.4376518218623482
2.167206477732794
2.3433198380566798
2.739068825910931
3.4595141700404857
2.657085020242915
3.1580971659919026
1.7645748987854248
2.7493927125506072
1.0421052631578946
1.3815789473684212
0.2558704453441294
3.4706477732793526
1.4350202429149799
3.128744939271256
2.0082995951417
2.054048582995951
3.2441295546558706
1.050404858299595
2.672267206477732
3.305668016194332
0.9921052631578947
2.3682186234817815
1.9815789473684213
2.241295546558705
2.8024291497975713
3.37914979757085
1.2823886639676112
2.948582995951417
2.8925101214574895
4.0194331983805665
2.1374493927125506
1.974898785425101
1.9072874493927123
3.5601214574898785
2.6230769230769235
2.605465587044535
1.0504048582995948
1.5530364372469636
2.207692307692307
4.448987854251013
1.0265182186234818
4.433805668016195
3.3649797570850195
3.3036437246963564
1.891497975708502
0.5748987854251013
2.7975708502024292
0.1449392712550609
2.263157894736842
2.1481781376518216
1.1230769230769233
3.6894736842105265
0.9012145748987854
1.0078947368421054
2.3123481781376523
3.858097165991902
1.028744939271255
3.08502024291498
1.4850202429149801
2.476315789473684
2.838259109311741
4.289068825910931
1.8983805668016192
1.4109311740890689
0.9257085020242917
1.1366396761133606
2.0107287449392715
4.208502024291498
1.9062753036437248
2.4722672064777322
3.9101214574898786
2.347773279352227
2.4536437246963563
1.6471659919028339
4.405465587044534
3.4493927125506074
2.630971659919028
1.2431174089068833
3.5204453441295547
0.8493927125506074
2.7651821862348176
1.3194331983805667
1.861133603238867
3.3544534412955462
4.1358299595141705
1.9578947368421056
2.4817813765182186
2.3159919028340084
3.3153846153846147
1.4157894736842103
2.4663967611336024
1.2939271255060727
3.005060728744939
2.6813765182186233
1.96336032388664
1.812753036437247
3.0631578947368423
3.087651821862349
2.4639676113360327
2.963157894736842
2.402024291497975
2.158097165991903
1.608502024291498
2.093117408906883
5.8500000000000005
4.47165991902834
1.585627530364372
4.7463562753036435
2.9651821862348178
1.7228744939271254
1.477732793522267
3.36336032388664
2.9242914979757084
4.071862348178138
5.157894736842106
4.550202429149798
2.1894736842105265
1.1971659919028341
2.083603238866397
2.4690283400809716
3.6168016194331987
2.36578947368421
2.674089068825911
1.3435222672064777
2.3044534412955464
1.9910931174089075
3.358502024291498
1.6657894736842105
2.8457489878542517
1.8558704453441295
2.765991902834008
2.1257085020242914
2.261740890688259
1.4137651821862351
1.9728744939271259
2.5530364372469636
1.6860323886639672
3.450607287449393
2.1991902834008092
0.15789473684210553
3.900404858299595
4.54919028340081
4.820850202429149
2.1226720647773276
3.701012145748987
1.2908906882591098
2.521457489878542
2.2991902834008098
2.2518218623481783
2.986842105263159
1.9706477732793521
3.293724696356276
3.4611336032388653
4.1985829959514165
2.6817813765182184
2.1516194331983804
1.7757085020242915
2.2107287449392716
5.545748987854251
0.5082995951417004
3.455263157894737
1.2651821862348176
3.231983805668016
2.674291497975708
1.456477732793522
2.0421052631578944
3.5137651821862343
1.8068825910931172
3.9827935222672064
1.477732793522267
3.865182186234818
1.8971659919028343
0.1961538461538468
1.2576923076923077
2.215587044534413
1.282591093117409
3.4708502024291503
3.6076923076923078
2.281376518218624
1.564574898785424
1.3599190283400815
6.278542510121458
2.1773279352226718
3.2016194331983807
1.5906882591093119
2.9607287449392716
2.238663967611336
4.856275303643725
0.8514170040485824
0.4589068825910926
2.6536437246963565
2.8222672064777328
1.4813765182186236
2.8720647773279353
1.958299595141701
1.7214574898785426
1.6105263157894736
2.360526315789474
2.7283400809716607
3.3238866396761138
1.3825910931174088
1.5080971659919031
3.339068825910932
1.4779352226720648
2.83744939271255
1.3981781376518216
2.417408906882591
2.018016194331984
1.5463562753036435
0.7044534412955465
3.527327935222672
2.8133603238866396
1.2479757085020242
1.305060728744939
2.586842105263158
2.908502024291498
2.4522267206477735
1.6562753036437248
0.9939271255060728
1.5817813765182187
1.8799595141700396
2.317611336032389
2.632186234817813
3.0145748987854253
4.369635627530364
1.3738866396761136
2.5880566801619436
3.598582995951417
2.122672064777328
0.08461538461538431
2.6769230769230763
2.7866396761133596
2.1281376518218624
1.3198380566801622
0.46963562753036453
4.12914979757085
3.72753036437247
2.7838056680161944
1.7283400809716598
4.415991902834008
1.139271255060729
2.3417004048582992
6.621862348178138
0.9295546558704456
1.962550607287449
2.1799595141700405
2.383805668016194
2.5153846153846153
3.032591093117409
1.5665991902834009
2.227530364372469
2.530364372469635
1.4771255060728745
1.297165991902834
1.3659919028340084
1.0765182186234816
2.1423076923076922
4.197165991902834
1.326315789473684
2.5188259109311746
1.5475708502024292
1.867004048582996
1.7621457489878545
4.927327935222673
2.1753036437246966
2.9783400809716594
4.617813765182187
4.22914979757085
2.0273279352226723
1.3218623481781377
2.602024291497976
2.8206477732793522
1.3404858299595146
2.8572874493927127
2.683805668016194
2.050202429149797
3.972874493927126
3.4082995951416994
2.304655870445344
2.662550607287449
4.159514170040486
1.4919028340080975
4.2431174089068815
3.089676113360323
1.809919028340081
2.384615384615385
4.173481781376517
2.193522267206478
2.371052631578948
1.7655870445344126
2.557287449392713
2.462753036437247
2.249595141700405
3.334615384615385
1.111538461538462
4.115587044534412
2.6253036437246964
2.9410931174089074
2.2904858299595143
1.7504048582995952
2.0133603238866398
1.5336032388663967
1.5591093117408907
2.486639676113361
2.522469635627531
2.3299595141700404
3.6417004048583
4.557287449392712
2.1362348178137647
3.4738866396761137
3.098582995951417
4.181983805668016
2.4957489878542503
1.7728744939271257
3.834412955465586
3.483603238866397
2.7068825910931174
2.9417004048582998
3.0004048582995955
1.8066801619433197
2.912753036437247
1.4613360323886642
1.7643724696356278
3.4439271255060726
1.344736842105263
1.9093117408906888
2.2457489878542516
1.9214574898785426
0.7874493927125505
3.424493927125506
3.12085020242915
1.1987854251012147
0.7105263157894726
2.646761133603239
1.7139676113360323
2.0989878542510123
2.7141700404858295
1.2336032388663967
2.2491902834008095
2.7400809716599186
3.1556680161943316
4.212348178137652
1.648582995951417
0.8354251012145749
3.0500000000000007
3.972874493927125
2.3951417004048583
0.5931174089068827
2.1267206477732796
1.629352226720648
1.3601214574898786
2.421862348178138
0.829757085020243
1.8036437246963557
2.948380566801619
2.175101214574899
2.3022267206477736
1.3463562753036435
4.568825910931174
3.1078947368421046
1.572064777327935
1.9232793522267204
0.3753036437246962
4.676923076923077
3.6611336032388664
6.015587044534413
2.5180161943319836
10.341093117408906
1.8767206477732794
2.9319838056680165
1.775303643724696
2.839676113360323
4.048785425101214
1.7825910931174085
2.9435222672064776
2.6789473684210527
2.041295546558704
2.3313765182186237
1.260526315789474
1.112348178137652
1.4702429149797576
1.651214574898785
0.45890688259109264
1.7307692307692308
1.6153846153846154
1.7838056680161936
1.1708502024291496
1.5902834008097166
1.4611336032388664
4.689676113360323
2.7637651821862343
3.403643724696356
3.869230769230769
1.6457489878542515
1.5427125506072867
2.799595141700405
1.0755060728744938
2.118623481781377
2.453441295546559
1.1872469635627532
3.2803643724696356
1.781781376518218
1.3315789473684214
3.8882591093117407
1.7453441295546552
2.103643724696356
3.007692307692307
2.282995951417004
2.5831983805668015
2.401012145748989
2.118421052631579
5.192105263157895
1.674089068825911
1.6386639676113357
3.9376518218623477
0.9364372469635628
1.8927125506072875
2.5463562753036424
1.8406882591093114
5.5514170040485835
3.4087044534412954
4.720850202429149
3.7111336032388658
2.1805668016194346
3.5129554655870443
2.44331983805668
2.7858299595141705
1.7649797570850208
3.765991902834008
1.630161943319838
1.6917004048582993
2.8576923076923064
2.641902834008097
3.2147773279352228
1.2777327935222673
3.071255060728745
2.9700404858299594
2.997773279352227
2.252429149797571
5.1659919028340076
3.0953441295546558
2.3947368421052637
4.8554655870445345
2.9836032388663964
3.3518218623481784
3.068825910931174
0.17732793522267165
2.9765182186234815
2.2384615384615376
2.273076923076923
2.2006072874493934
1.1967611336032387
0.558502024291498
4.2105263157894735
1.531983805668016
1.6852226720647774
3.423076923076923
2.4643724696356273
2.0625506072874495
2.0524291497975704
2.2311740890688267
1.8038461538461539
3.3512145748987856
2.165789473684211
1.4046558704453442
1.9591093117408904
3.2860323886639677
3.2548582995951416
2.8147773279352237
1.5738866396761138
2.0989878542510123
5.710121457489879
3.0558704453441297
3.5781376518218626
1.9718623481781377
3.3657894736842104
2.7168016194331988
3.78582995951417
3.575708502024291
6.661740890688258
1.6617408906882596
2.226518218623482
1.2955465587044532
2.2904858299595143
1.5317813765182182
2.876113360323887
2.4597165991902834
2.2635627530364375
2.8008097165991903
1.8649797570850195
3.237246963562753
1.8240890688259113
3.766801619433198
3.1603238866396755
0.655668016194332
0.8208502024291497
2.291497975708502
1.6576923076923078
2.186842105263158
2.5210526315789474
4.451417004048582
4.9740890688259105
1.4939271255060729
2.0327935222672067
1.3866396761133606
2.7305668016194335
2.199595141700405
2.740688259109312
4.821052631578947
1.841902834008097
1.7076923076923072
1.9860323886639675
1.534412955465587
1.52085020242915
3.332388663967612
3.254453441295546
1.30910931174089
0.8489878542510122
2.4495951417004047
1.512348178137651
1.9668016194331988
2.8585020242914982
0.6222672064777335
2.731174089068825
2.614372469635627
2.348582995951417
2.15668016194332
2.9271255060728745
0.3779352226720647
1.130971659919028
1.3500000000000005
1.8135627530364373
3.4676113360323884
1.918421052631579
1.5267206477732793
5.969838056680161
1.9514170040485828
2.7449392712550607
3.306072874493927
3.59919028340081
2.97085020242915
2.3212550607287445
4.5074898785425095
2.596761133603239
1.86578947368421
1.9836032388663973
2.280971659919028
1.7143724696356273
5.269433198380567
2.734008097165992
2.654858299595142
2.5172064777327936
2.5554655870445346
2.421862348178138
2.2161943319838056
5.207287449392712
4.921862348178137
2.27165991902834
1.1593117408906881
2.4269230769230767
1.223684210526315
1.6888663967611344
1.6265182186234814
1.7208502024291499
3.410931174089069
1.3607287449392726
5.331174089068826
1.6623481781376515
2.8412955465587046
4.911336032388663
1.1287449392712552
2.759514170040487
2.7668016194331986
2.0487854251012143
1.9384615384615391
0.8831983805668012
-0.0002024291497979558
4.502226720647774
2.6639676113360324
3.122874493927126
1.9107287449392714
3.126923076923077
1.4775303643724693
1.074696356275303
2.502834008097166
4.119433198380567
3.657692307692308
2.5210526315789474
2.255668016194332
1.897570850202429
1.2761133603238866
2.4607287449392707
2.4030364372469637
3.8255060728744943
3.2020242914979757
1.08582995951417
2.0064777327935217
1.6993927125506074
1.737854251012145
3.919230769230769
1.6799595141700403
0.7890688259109313
1.3161943319838056
1.2807692307692309
3.57914979757085
2.0378542510121456
2.0469635627530365
3.184817813765182
2.1923076923076925
2.930769230769231
2.4313765182186238
4.796356275303643
3.6453441295546556
2.395951417004049
1.2558704453441294
3.131376518218624
2.3718623481781376
1.224696356275304
2.4319838056680165
3.092307692307692
1.395748987854251
2.774493927125506
0.7568825910931174
2.465384615384616
4.590485829959515
3.4925101214574896
1.61497975708502
2.8014170040485826
2.9396761133603238
4.395748987854251
2.8006072874493926
1.6226720647773278
2.8052631578947373
2.230769230769231
1.243927125506073
3.200404858299595
1.9937246963562756
1.1536437246963565
0.9643724696356277
1.9087044534412951
-0.007692307692306777
2.5842105263157893
1.4036437246963565
1.6941295546558703
2.1755060728744944
3.0163967611336036
1.7605263157894742
2.842307692307692
3.9273279352226718
2.0068825910931176
2.2702429149797574
2.282793522267206
8.17995951417004
0.9285425101214577
3.858299595141701
1.736234817813766
3.028947368421053
1.5058704453441296
2.430161943319839
0.7311740890688256
1.0985829959514168
4.4255060728744935
3.72834008097166
1.6615384615384619
1.259109311740891
2.9425101214574894
1.352631578947368
1.976518218623482
1.6277327935222674
2.0117408906882597
2.2125506072874495
2.646963562753036
7.607692307692308
3.619028340080972
2.2597165991902832
1.713967611336032
2.3572874493927127
2.5923076923076924
2.0499999999999994
2.6878542510121455
1.2433198380566806
1.8502024291497972
1.6757085020242914
0.356477732793522
3.336842105263157
2.66923076923077
2.2253036437246965
2.0459514170040487
0.9251012145748987
3.8291497975708504
4.366396761133602
0.44676113360323877
1.6277327935222674
2.87591093117409
3.2532388663967606
1.4000000000000004
1.0704453441295547
0.65080971659919
1.3720647773279355
1.3028340080971659
2.1500000000000004
2.3127530364372477
2.180566801619433
3.0299595141700406
0.9659919028340082
0.926315789473684
3.1078947368421055
3.0997975708502015
1.853238866396761
1.885425101214575
2.1870445344129554
2.7178137651821865
1.817004048582996
1.7214574898785426
2.705870445344129
3.175303643724696
3.493117408906882
4.30668016194332
1.4356275303643724
3.122672064777328
5.040688259109311
1.1850202429149796
2.975910931174089
1.1236842105263163
1.915587044534412
1.497165991902834
2.0848178137651825
4.31578947368421
4.096761133603239
2.6987854251012147
1.7421052631578948
0.6080971659919028
1.9732793522267205
2.070850202429149
2.316396761133603
3.6147773279352227
1.9797570850202428
1.9558704453441296
2.101821862348178
3.4074898785425103
2.6965587044534414
3.6576923076923067
2.066801619433199
3.5212550607287447
1.8463562753036435
2.858704453441295
1.008097165991903
3.9495951417004043
2.5248987854251013
0.9139676113360331
1.754251012145749
1.8392712550607289
3.8204453441295545
1.1062753036437247
1.0700404858299595
1.2793522267206479
0.851012145748988
0.8024291497975702
2.232995951417004
5.516599190283401
1.2866396761133603
3.3785425101214575
1.8661943319838055
1.072469635627531
3.4578947368421056
1.3846153846153846
2.9985829959514168
2.2414979757085023
3.0196356275303646
1.4613360323886644
4.427327935222673
1.726518218623482
1.2214574898785424
1.4265182186234815
2.345546558704453
3.2060728744939273
4.059919028340082
1.876923076923077
2.7528340080971656
2.5568825910931174
1.961740890688259
1.6487854251012146
0.5886639676113361
4.77246963562753
3.1825910931174093
2.1753036437246966
2.915384615384615
1.141497975708501
1.6734817813765182
1.7085020242914983
3.0836032388663965
2.0044534412955466
0.8844129554655868
3.205465587044534
3.0040485829959507
2.2370445344129557
3.0599190283400812
1.863765182186235
1.4651821862348178
1.4151821862348182
0.9827935222672065
3.4963562753036435
2.7453441295546557
2.167206477732794
4.406882591093118
1.8898785425101214
3.75506072874494
1.7372469635627528
2.0392712550607284
0.9880566801619431
3.47165991902834
1.3449392712550607
1.725708502024292
0.45647773279352244
2.752429149797571
0.9390688259109312
2.246963562753036
2.8819838056680163
2.8210526315789473
1.8348178137651823
3.4107287449392714
2.609919028340081
2.6724696356275306
1.0554655870445346
1.9993927125506072
0.5020242914979741
2.4917004048582996
5.546356275303643
1.2627530364372468
3.511943319838057
3.3451417004048585
2.652631578947369
1.358704453441296
1.5655870445344133
1.7271255060728743
0.7423076923076926
2.636234817813765
1.349595141700405
2.3453441295546558
2.4230769230769234
4.795951417004049
3.031983805668016
2.6700404858299596
2.0700404858299595
2.745344129554656
1.3032388663967611
2.132186234817815
1.2698380566801608
2.8338056680161943
3.1674089068825912
1.569838056680162
2.137044534412956
1.2753036437246963
2.728744939271255
2.4637651821862354
2.4313765182186233
1.0376518218623483
3.9080971659919035
0.8192307692307692
0.14028340080971657
2.6220647773279353
3.259109311740891
1.7291497975708499
2.39089068825911
1.295748987854251
3.8331983805668015
3.926315789473684
1.5358299595141705
1.5502024291497967
1.765991902834008
1.3125506072874493
5.075506072874494
2.1566801619433202
3.0680161943319835
2.0115384615384615
1.1888663967611335
0.54331983805668
5.211133603238866
1.6576923076923076
1.4036437246963567
1.95
2.3953441295546556
1.9757085020242913
5.441093117408907
2.610728744939272
2.6825910931174093
3.098582995951417
1.2975708502024292
2.2200404858299594
2.991902834008097
4.062348178137651
1.789676113360324
2.0372469635627533
2.124493927125506
1.5637651821862346
2.287854251012146
1.6016194331983806
4.893117408906883
1.8927125506072868
1.58582995951417
1.8451417004048583
2.1704453441295546
4.061740890688259
2.5089068825910936
2.490485829959514
2.6226720647773285
3.463157894736842
1.6352226720647776
3.010931174089068
0.8935222672064778
2.7228744939271254
0.811740890688259
1.7275303643724702
1.8212550607287445
4.0449392712550605
3.637651821862349
2.5587044534412957
2.424089068825911
3.6161943319838055
2.7145748987854246
2.445141700404858
2.721457489878542
0.39959514170040455
3.166801619433198
1.9890688259109313
8.641902834008098
2.306477732793523
2.490485829959514
4.539878542510121
1.8941295546558705
2.8226720647773273
1.9742914979757087
1.8872469635627533
2.686032388663967
1.9734817813765189
1.67165991902834
4.160931174089069
3.140890688259109
2.3271255060728744
1.4155870445344125
0.8649797570850197
3.178744939271255
2.121457489878542
2.4706477732793517
4.139878542510122
1.504251012145749
1.0135627530364375
0.29089068825910946
2.430161943319838
0.5977732793522252
3.8398785425101214
3.257085020242915
2.6540485829959515
2.773076923076923
2.4368421052631577
2.928947368421053
2.6111336032388657
4.113765182186235
2.558906882591093
2.857085020242915
1.634817813765182
1.5404858299595143
2.0313765182186234
2.9394736842105265
1.5095141700404857
1.9127530364372467
2.2263157894736842
2.6692307692307695
2.7327935222672064
1.1238866396761131
1.740485829959514
1.7099190283400807
1.7886639676113365
3.097975708502024
3.2115384615384612
1.7744939271255065
3.944939271255061
2.942105263157895
1.925101214574899
2.7123481781376517
1.9659919028340087
1.804655870445345
3.412145748987854
2.7447368421052634
1.6617408906882591
1.9228744939271254
1.3334008097165992
3.037246963562753
1.6949392712550604
3.651619433198381
2.1951417004048586
3.143927125506073
1.2253036437246962
4.887854251012146
1.3447368421052632
1.5789473684210524
2.024696356275304
0.7506072874493924
3.3738866396761136
1.246153846153846
1.7536437246963565
2.621457489878543
3.126720647773279
2.2218623481781377
3.150404858299595
5.291902834008097
3.6732793522267206
1.9309716599190283
1.9977732793522271
1.341497975708502
1.451417004048583
2.5724696356275305
3.1342105263157896
3.660323886639676
2.922064777327935
2.468421052631579
3.21578947368421
1.94838056680162
0.9186234817813769
4.528947368421052
2.1781376518218623
1.950607287449393
2.512550607287448
1.7479757085020229
1.8700404858299595
4.108502024291498
1.9997975708502025
2.209514170040486
3.660526315789474
2.0277327935222678
1.6176113360323887
1.9852226720647779
0.3184210526315787
2.487651821862348
3.1834008097166
2.638259109311741
3.3493927125506078
1.784817813765182
1.2979757085020245
2.8354251012145744
1.3617408906882595
1.334817813765182
1.328137651821862
3.077327935222672
3.366599190283401
1.778744939271255
1.634412955465587
1.5714574898785427
2.2633603238866398
3.043117408906883
1.879352226720648
5.260526315789474
4.506072874493927
3.090890688259109
2.197975708502024
1.96497975708502
1.0672064777327934
2.065384615384616
2.937044534412955
2.8635627530364367
2.5736842105263156
4.314979757085021
1.7313765182186227
4.260526315789474
1.4307692307692308
1.9459514170040484
7.678744939271255
2.910728744939271
2.383198380566802
3.0593117408906885
2.1682186234817813
2.053643724696357
4.439676113360324
1.1856275303643724
1.9714574898785429
2.35748987854251
2.887651821862349
0.1704453441295546
2.2880566801619433
3.1838056680161944
5.297165991902834
3.439473684210526
3.5870445344129562
1.7024291497975708
0.8329959514170038
2.3655870445344123
2.619433198380567
2.340688259109312
2.5119433198380565
2.0997975708502024
2.627327935222672
3.243319838056681
0.9089068825910929
1.6493927125506076
1.3971659919028343
3.613157894736842
2.93502024291498
1.8396761133603245
3.473886639676113
1.6643724696356275
3.175506072874494
1.487246963562753
3.682591093117409
1.3706477732793523
3.273886639676113
1.691497975708502
2.534008097165992
3.5224696356275307
5.555465587044535
2.077732793522267
2.937044534412956
2.286234817813765
3.067813765182186
1.6674089068825908
5.2257085020242915
3.5793522267206477
1.5145748987854257
3.811336032388665
1.6821862348178138
2.127327935222672
1.9582995951417006
2.645546558704453
3.683198380566801
1.5959514170040487
1.9180161943319842
2.5155870445344126
2.263157894736842
3.2257085020242915
1.5645748987854249
3.6789473684210523
4.733805668016195
1.8315789473684214
2.232995951417004
2.187651821862348
1.7441295546558702
4.595344129554656
1.156072874493927
4.010526315789474
3.539878542510121
2.723481781376518
1.4246963562753037
3.0419028340080967
1.4368421052631577
2.7613360323886638
0.6435222672064776
3.5362348178137655
2.7550607287449393
2.3137651821862355
2.8101214574898785
3.5352226720647772
4.991700404858301
2.054858299595142
3.7621457489878543
4.660121457489878
2.5251012145748986
4.388663967611336
3.027125506072874
3.679757085020243
0.9884615384615387
1.6680161943319838
1.9206477732793532
2.7441295546558706
4.043522267206479
4.824696356275304
1.2441295546558702
5.102024291497976
2.55748987854251
1.5082995951417002
1.8149797570850206
3.045344129554656
2.112550607287449
2.1663967611336035
1.662348178137652
0.9012145748987854
2.1285425101214575
3.096761133603239
2.7759109311740886
1.6072874493927127
2.7949392712550614
3.8572874493927127
3.902429149797571
4.496153846153846
2.5605263157894735
1.1257085020242916
2.9668016194331983
1.9710526315789472
3.2639676113360325
1.2931174089068826
3.3793522267206484
2.183603238866397
3.2242914979757087
0.8939271255060732
2.47165991902834
1.3155870445344129
0.9860323886639679
3.8085020242914975
2.942712550607287
0.275506072874494
0.5414979757085014
2.3785425101214583
2.905465587044534
3.3212550607287445
2.8560728744939263
2.328137651821862
2.7151821862348178
3.554048582995951
2.168016194331984
1.9665991902834006
2.9074898785425107
4.9591093117408915
3.1295546558704452
1.2886639676113358
3.4670040485829956
3.458097165991902
2.6269230769230774
4.7018218623481784
2.7054655870445345
2.5765182186234816
4.176113360323887
3.767611336032389
1.1641700404858302
2.5635627530364373
6.073481781376518
1.467004048582996
5.885425101214575
3.1135627530364376
5.338461538461539
2.035020242914981
5.165182186234819
3.5378542510121456
2.7789473684210524
1.3404858299595148
3.742914979757085
0.6736842105263158
0.912348178137652
1.6700404858299596
2.128340080971659
1.7097165991902838
1.810323886639676
2.0453441295546546
1.9360323886639679
1.4105263157894736
2.019635627530364
1.6123481781376516
1.1028340080971657
1.9226720647773279
2.993927125506073
2.2419028340080973
1.2297570850202435
2.6999999999999997
4.2248987854251006
2.8856275303643724
2.6376518218623484
2.2329959514170037
2.085425101214575
4.273886639676113
3.9329959514170034
1.3736842105263158
3.6651821862348175
2.0018218623481787
1.2151821862348178
4.3554655870445345
1.642914979757085
3.3277327935222676
1.845141700404858
7.757894736842106
1.959716599190283
3.6030364372469634
0.9917004048582998
2.7722672064777334
2.356477732793522
2.3297570850202427
3.3740890688259113
0.5285425101214576
1.5078947368421054
1.933198380566802
2.691093117408907
2.9805668016194327
1.8755060728744941
2.850404858299595
2.843927125506073
1.6068825910931173
3.04331983805668
2.716599190283401
1.9382591093117407
1.716194331983806
1.3412955465587044
1.999595141700405
1.4540485829959517
3.0060728744939267
2.723684210526316
3.388866396761134
3.628137651821862
0.6419028340080972
2.095344129554656
3.4299595141700405
3.361133603238866
1.9297570850202426
2.6613360323886637
2.79412955465587
1.3315789473684205
3.2340080971659924
1.2700404858299597
4.17004048582996
2.255668016194332
3.9119433198380564
4.108502024291498
1.6451417004048583
2.3095141700404858
1.799595141700405
1.8275303643724694
2.425303643724696
1.9317813765182186
3.377125506072874
3.860121457489878
2.018421052631579
4.0601214574898785
0.870445344129555
1.553238866396761
2.5190283400809714
4.823076923076923
1.6107287449392709
2.327732793522267
3.1117408906882593
2.7629554655870443
3.2066801619433196
0.9232793522267209
1.1109311740890688
1.4238866396761136
1.9151821862348177
-0.2170040485829961
1.6611336032388657
0.8184210526315789
1.9917004048582996
5.0283400809716605
2.9180161943319836
2.164574898785425
3.2376518218623485
2.938663967611336
2.2240890688259114
2.9338056680161944
1.3489878542510123
2.8291497975708504
2.17834008097166
3.403643724696356
3.1469635627530366
1.3334008097166
1.0133603238866395
2.617004048582997
1.6178137651821862
4.3714574898785425
2.6572874493927126
1.8852226720647773
2.451821862348178
2.970850202429151
1.447570850202429
3.0139676113360325
2.6512145748987854
3.113967611336032
3.01417004048583
2.637044534412955
2.451417004048583
2.1888663967611337
5.075101214574899
4.654655870445344
0.6862348178137642
6.4757085020242915
3.150202429149797
2.0951417004048585
1.4048582995951422
3.3362348178137653
3.873076923076924
3.4785425101214575
2.341497975708503
1.5595141700404864
6.00748987854251
2.664170040485831
2.206882591093117
4.357287449392713
1.4773279352226723
4.035829959514169
2.2356275303643725
2.2095141700404857
4.639676113360325
4.590688259109311
1.7836032388663963
2.71578947368421
3.6285425101214575
1.2576923076923079
4.405668016194332
4.408299595141701
1.5014170040485828
5.060526315789474
3.219838056680162
1.8406882591093119
2.055060728744939
2.167813765182186
7.422874493927126
1.4663967611336042
2.6447368421052633
2.0848178137651834
1.3621457489878543
4.40587044534413
1.3682186234817812
3.1097165991902824
1.5271255060728735
0.9277327935222671
4.647368421052631
0.6585020242914981
1.9983805668016192
2.281983805668016
3.3576923076923064
2.1530364372469633
2.5412955465587044
2.1795546558704455
2.909311740890688
3.294736842105263
1.8074898785425104
4.569433198380566
2.4014170040485827
1.32165991902834
3.1678137651821863
2.401821862348178
4.056882591093117
1.1963562753036434
2.523076923076923
2.9307692307692306
1.019230769230769
0.5530364372469644
1.4410931174089066
1.9629554655870454
1.175101214574899
0.7165991902834008
1.796761133603239
2.491093117408907
3.0530364372469645
2.5200404858299597
3.403643724696357
1.669230769230769
2.2797570850202424
4.251417004048583
1.4388663967611335
4.830364372469636
1.383805668016194
2.3125506072874487
4.86417004048583
2.249595141700405
2.690890688259109
2.675506072874494
7.117611336032389
1.7056680161943318
4.393117408906884
1.871659919028341
2.9131578947368424
3.169230769230769
2.2394736842105267
2.9273279352226718
1.7101214574898775
1.7380566801619435
5.619635627530364
2.1208502024291493
2.447570850202429
1.7299595141700406
2.3491902834008096
3.795344129554656
2.4914979757085023
2.3178137651821866
2.3125506072874495
1.7477732793522274
1.6182186234817815
4.646963562753037
4.202834008097166
2.4356275303643726
0.48785425101214686
4.3188259109311735
2.0204453441295542
3.4722672064777322
2.6222672064777326
1.611133603238866
1.1854251012145758
1.4042510121457488
3.593927125506073
3.7329959514170037
1.8493927125506078
1.7799595141700404
0.9939271255060729
3.481174089068826
2.355060728744939
2.5919028340080974
1.6291497975708502
1.8742914979757086
1.9568825910931171
2.5143724696356275
2.3568825910931173
1.6340080971659916
2.475101214574899
1.2406882591093116
1.2827935222672064
1.7159919028340083
5.2257085020242915
1.8107287449392713
3.5522267206477736
2.6358299595141705
2.8469635627530363
5.890688259109312
1.9821862348178136
3.728542510121457
2.843724696356275
4.006275303643725
1.8657894736842104
2.5070850202429154
2.0479757085020243
4.155668016194332
1.6431174089068823
1.4491902834008097
1.647773279352227
4.733603238866397
1.7417004048583002
2.2526315789473683
1.5014170040485832
2.766801619433198
3.359109311740891
1.167408906882591
1.263157894736842
3.7465587044534416
0.5838056680161943
1.0319838056680162
2.2878542510121456
5.424493927125506
1.6805668016194337
2.885222672064777
3.5036437246963565
1.954655870445344
1.0293522267206479
3.92004048582996
2.3121457489878536
1.0465587044534408
2.5176113360323886
2.3516194331983806
1.2489878542510122
2.0180161943319836
1.9263157894736842
2.6985829959514174
1.7008097165991904
4.323481781376518
5.303441295546559
1.5672064777327939
0.6006072874493925
3.041093117408907
4.3538461538461535
3.6495951417004058
2.578137651821863
2.757085020242915
1.4663967611336033
3.8914979757085018
2.644939271255061
5.430161943319838
1.8046558704453441
2.657894736842105
5.955263157894738
1.7552631578947369
1.094736842105263
2.381376518218623
1.9457489878542504
4.186842105263158
2.9771255060728747
5.661133603238866
5.112550607287449
1.5475708502024292
1.9117408906882596
1.2955465587044537
3.8105263157894735
2.621457489878543
3.05748987854251
3.2967611336032387
3.644939271255061
2.165991902834008
1.7032388663967608
2.431578947368421
2.133805668016194
4.671052631578947
3.089271255060729
3.750404858299595
2.7876518218623483
2.37327935222672
2.3702429149797584
2.8342105263157897
2.480161943319838
2.0421052631578958
3.2477732793522263
2.306477732793522
3.6651821862348175
2.7546558704453434
2.0216599190283397
2.4805668016194335
2.9785425101214575
1.2004048582995956
2.296356275303644
3.84331983805668
1.1481781376518219
3.1967611336032387
1.9358299595141708
2.603846153846154
2.7133603238866395
3.37085020242915
3.5898785425101214
3.6261133603238864
5.959919028340082
1.9613360323886644
1.789878542510122
1.782186234817814
0.9131578947368423
2.3635627530364367
3.0406882591093116
3.5408906882591094
2.350202429149797
2.1894736842105265
2.639676113360324
3.3206477732793522
3.313562753036437
2.0378542510121456
4.443927125506073
1.7313765182186236
2.832793522267208
1.0410931174089069
2.506680161943319
2.7307692307692304
1.563562753036437
1.9099190283400809
2.3649797570850204
4.271052631578947
5.948178137651822
2.8526315789473684
2.026720647773279
5.55
1.8676113360323885
1.794939271255061
1.6777327935222672
2.6714574898785424
2.875506072874494
1.7297570850202426
5.41497975708502
1.835222672064777
2.31255060728745
6.909716599190284
1.4751012145748987
1.368623481781377
1.9767206477732797
1.0388663967611338
2.0746963562753025
1.4111336032388653
1.6931174089068834
5.521255060728745
1.6435222672064778
2.4927125506072874
4.251417004048585
2.942712550607289
2.7350202429149797
1.753036437246964
3.151417004048583
1.4080971659919026
0.939676113360324
2.8704453441295543
1.2115384615384615
2.884615384615384
1.3892712550607285
2.256477732793522
1.8153846153846156
1.323279352226721
1.1145748987854251
1.0908906882591094
2.3593117408906883
3.403441295546559
2.4244939271255053
2.2898785425101216
2.7676113360323886
2.90668016194332
3.1216599190283407
1.4283400809716598
1.4277327935222672
5.098987854251012
1.68582995951417
3.135627530364373
2.1040485829959517
2.9912955465587046
2.1180161943319833
3.3378542510121454
4.166194331983806
3.9165991902834008
3.7655870445344126
2.112145748987855
1.5016194331983805
1.5888663967611334
1.6637651821862347
4.376518218623482
4.246153846153846
1.9777327935222673
2.1789473684210523
2.9682186234817816
0.9653846153846151
1.9917004048583
2.833603238866397
2.704251012145749
2.1544534412955465
1.5919028340080974
3.341093117408907
1.7773279352226719
1.3568825910931168
2.188056680161943
3.503441295546558
1.8834008097165993
2.1004048582995956
1.987246963562753
0.9566801619433202
2.924493927125506
2.798582995951417
2.8487854251012146
3.8848178137651823
2.1417004048582995
1.9635627530364368
1.4497975708502024
2.4196356275303645
3.609919028340081
1.7038461538461538
2.7198380566801617
0.8297570850202428
2.6384615384615384
3.2680161943319836
2.8253036437246957
3.836032388663968
1.9912955465587046
3.181578947368421
3.341093117408907
4.57914979757085
1.8475708502024293
2.7981781376518224
2.4340080971659916
2.4955465587044534
2.5663967611336025
1.9495951417004054
2.2161943319838056
4.210931174089069
2.5834008097165992
3.0698380566801617
0.7953441295546558
2.0953441295546558
1.1894736842105262
3.212753036437247
4.080971659919028
1.5615384615384604
1.9591093117408904
1.47834008097166
2.232995951417004
1.452834008097166
0.27692307692307677
1.5303643724696363
2.2852226720647772
1.8864372469635626
2.703238866396761
1.5263157894736843
3.1605263157894736
1.8726720647773278
0.8894736842105261
1.2089068825910934
2.240688259109312
2.60748987854251
0.5941295546558705
2.742712550607288
2.630566801619433
1.2908906882591094
1.7995951417004046
1.4763157894736842
3.848178137651822
2.3619433198380566
1.5163967611336036
1.134817813765182
1.7585020242914982
3.5908906882591096
1.365991902834008
2.0846153846153843
5.790688259109312
1.8506072874493928
3.1769230769230767
1.2848178137651822
5.233603238866397
4.787854251012146
3.8941295546558705
2.1200404858299593
2.824089068825911
3.0728744939271255
0.7121457489878543
1.8637651821862349
1.5706477732793522
1.3261133603238868
3.2548582995951416
1.9072874493927134
5.157692307692308
1.6143724696356279
1.9429149797570848
2.062145748987854
1.8334008097165988
2.7607287449392715
2.2967611336032387
2.4133603238866397
3.28663967611336
0.5443319838056682
2.179757085020243
1.9591093117408913
3.3864372469635633
2.0746963562753034
3.647368421052631
6.233805668016195
2.996356275303644
1.9289473684210532
1.5034412955465588
2.2143724696356277
2.0882591093117404
3.919433198380567
4.040283400809717
2.4854251012145756
2.7091093117408915
2.7846153846153854
3.7032388663967604
3.8951417004048583
3.3585020242914982
1.7880566801619442
1.6526315789473687
0.4542510121457493
5.386639676113361
1.8856275303643724
1.9633603238866397
1.4257085020242923
0.33502024291497934
0.5293522267206476
3.5585020242914975
1.6997975708502027
3.12834008097166
2.8914979757085026
3.520040485829959
2.897368421052631
3.419433198380567
6.713562753036436
1.6943319838056687
2.5852226720647766
2.71336032388664
4.592105263157894
4.526518218623482
2.842307692307692
1.3329959514170036
1.9593117408906886
1.801417004048583
1.3860323886639676
3.1801619433198374
2.907085020242915
1.8941295546558705
2.406477732793522
1.8137651821862344
1.5785425101214574
2.89251012145749
1.2589068825910925
2.815384615384615
2.9657894736842105
2.481578947368421
2.581983805668016
1.8933198380566805
3.342712550607287
0.6813765182186236
3.038663967611336
2.180769230769231
1.7028340080971658
2.918421052631579
1.602429149797571
1.552631578947369
3.37914979757085
1.7255060728744938
1.6506072874493924
1.0757085020242918
2.0289473684210524
2.4793522267206485
3.5000000000000004
1.7248987854251014
3.3074898785425098
3.963360323886641
0.4516194331983808
2.732186234817813
3.1216599190283403
4.012348178137652
2.3101214574898767
2.783198380566802
1.6004048582995951
6.364574898785425
1.6633603238866397
0.8712550607287449
0.7791497975708497
2.620445344129555
0.8676113360323889
1.8791497975708502
1.7133603238866395
1.6131578947368423
5.328744939271255
1.1680161943319836
2.522672064777328
3.675303643724696
2.241700404858299
3.3779352226720647
3.4338056680161944
2.1279352226720647
1.1985829959514172
1.07085020242915
2.0562753036437247
2.6708502024291505
1.7619433198380567
2.028744939271255
2.235222672064777
2.5836032388663965
3.810931174089069
2.8878542510121457
2.90748987854251
0.8182186234817814
0.9275303643724695
4.875101214574898
2.1174089068825914
1.2457489878542507
2.788461538461539
2.707894736842105
1.683603238866396
3.997570850202429
1.54919028340081
0.5325910931174083
1.4054655870445347
4.69838056680162
1.664574898785425
2.1119433198380566
3.786842105263158
2.030161943319838
2.072267206477733
3.6038461538461535
1.5953441295546558
0.09453441295546594
1.8593117408906878
2.0093117408906878
2.065587044534413
1.3605263157894734
1.7870445344129553
1.9649797570850205
1.7471659919028335
2.7987854251012148
3.671052631578947
2.4582995951417
2.7823886639676116
6.630161943319838
1.837854251012146
2.479352226720648
4.051417004048583
2.1744939271255057
2.5311740890688257
1.4870445344129555
1.783805668016194
4.124291497975708
1.7172064777327933
1.851417004048583
3.601821862348179
1.795748987854251
2.0022267206477733
5.37246963562753
1.5578947368421052
3.0380566801619433
2.729352226720648
1.8453441295546562
2.7275303643724693
0.8123481781376516
2.3317813765182183
4.397165991902834
1.2214574898785424
2.7712550607287447
2.8631578947368412
3.3890688259109303
3.8975708502024284
2.126720647773279
1.6477732793522264
1.8117408906882593
1.7844129554655868
2.011133603238866
2.3066801619433197
2.9746963562753037
3.5589068825910934
3.4008097165991913
3.554251012145749
3.9429149797570857
2.511943319838057
0.46194331983805625
2.3285425101214576
2.694939271255061
2.209919028340081
2.40668016194332
2.644736842105263
1.1052631578947372
1.011943319838057
2.2587044534412954
1.0504048582995948
2.760931174089069
2.160526315789473
1.618421052631579
2.028947368421053
2.1317813765182185
1.8522267206477725
2.074291497975709
1.439473684210526
4.063765182186235
1.902226720647773
2.1959514170040486
2.3795546558704457
2.912753036437247
1.1848178137651824
0.4969635627530365
2.2997975708502025
3.1082995951417005
2.82834008097166
3.303238866396761
2.1052631578947367
3.5018218623481774
3.0477732793522265
2.5676113360323893
5.803238866396761
3.965789473684212
2.788866396761134
2.82085020242915
1.3222672064777328
1.9159919028340082
1.542914979757085
0.781983805668016
2.7493927125506086
2.47834008097166
2.9467611336032395
3.158502024291498
2.539271255060729
1.8085020242914978
2.3275303643724694
0.9597165991902835
3.3485829959514173
0.5186234817813775
1.813765182186235
2.3210526315789473
1.9574898785425099
2.9390688259109305
2.7362348178137657
3.5380566801619433
2.8540485829959508
2.0678137651821866
1.1665991902834008
1.946761133603239
3.270242914979759
0.6955465587044535
2.9530364372469635
2.362145748987855
2.031983805668016
3.4704453441295544
1.6734817813765184
2.6874493927125505
2.4131578947368424
2.52914979757085
2.5406882591093116
2.901417004048583
0.17692307692307785
2.5734817813765183
2.4161943319838057
1.545748987854251
2.40668016194332
1.971862348178137
1.7291497975708503
0.6119433198380564
1.677327935222672
4.470647773279352
3.230769230769231
2.2131578947368427
4.346963562753036
1.7364372469635623
2.9052631578947365
4.0036437246963565
0.5240890688259111
5.350404858299595
1.408502024291498
1.3884615384615384
2.1038461538461544
1.6261133603238866
1.1730769230769227
2.820850202429149
2.674089068825911
1.7704453441295547
2.4643724696356273
1.860526315789475
3.4595141700404857
4.853643724696355
3.4993927125506072
2.3344129554655875
3.041497975708502
1.1637651821862356
5.266194331983805
2.2894736842105265
2.906477732793522
1.5925101214574902
5.864777327935223
2.844129554655871
2.897165991902834
3.4214574898785424
2.8779352226720647
3.704048582995951
-0.0012145748987854033
2.377935222672065
2.0390688259109315
4.164372469635628
1.7560728744939276
2.8242914979757083
1.5443319838056686
3.1184210526315788
0.9002024291497976
3.1726720647773283
2.443522267206477
2.3121457489878545
4.799392712550606
2.9997975708502023
1.561336032388664
3.7961538461538464
1.3838056680161945
3.9350202429149794
1.8572874493927127
4.795141700404859
4.292307692307692
4.134412955465587
5.815587044534412
0.6433198380566802
2.2661943319838054
3.990890688259109
5.336032388663967
2.6388663967611334
0.8570850202429151
1.763157894736842
4.026923076923077
3.1989878542510124
2.0281376518218623
3.5518218623481776
2.7127530364372467
2.371457489878542
1.9182186234817815
2.9117408906882596
1.4748987854251012
2.197773279352227
3.1402834008097167
3.89331983805668
2.461336032388664
3.8767206477732796
0.6560728744939273
4.089068825910933
3.8457489878542512
1.6147773279352227
2.1534412955465583
3.2965587044534415
1.2902834008097166
3.1746963562753043
2.19331983805668
1.8730769230769235
2.9898785425101213
1.9757085020242913
1.4115384615384612
1.9580971659919024
5.324898785425101
1.7097165991902832
2.8943319838056683
5.626315789473685
2.383400809716599
2.854453441295547
1.6973684210526312
1.5491902834008098
2.7161943319838056
1.6904858299595142
1.3846153846153844
2.2408906882591095
1.4908906882591095
2.9030364372469637
1.2228744939271254
3.8026315789473686
0.6240890688259113
2.2105263157894735
2.0999999999999996
2.342712550607288
2.5082995951417
6.019635627530364
3.495951417004049
3.096761133603239
2.468825910931174
2.1609311740890687
2.4257085020242917
3.138663967611336
2.9271255060728745
6.727935222672065
3.0066801619433194
3.318825910931174
1.7635627530364373
2.1419028340080972
2.6180161943319837
5.098178137651822
4.567408906882592
2.8317813765182187
3.8214574898785427
2.7917004048582994
2.479554655870446
1.9676113360323888
2.6089068825910924
1.8601214574898792
3.915384615384615
3.003643724696356
2.1724696356275306
1.5431174089068818
1.7354251012145747
1.6004048582995953
1.5576923076923077
4.15748987854251
2.157692307692307
3.9198380566801623
1.0597165991902835
0.8265182186234818
5.5497975708502025
1.5168016194331986
3.886842105263158
1.565587044534413
1.4763157894736842
2.044534412955466
1.451417004048583
2.8633603238866394
4.627935222672066
3.150607287449394
1.1987854251012144
2.680769230769231
1.854251012145749
2.4576923076923087
0.5585020242914979
1.5283400809716592
2.6518218623481786
2.3202429149797568
3.4445344129554654
7.129959514170041
1.4435222672064778
4.377327935222672
4.846761133603238
1.9870445344129557
2.478542510121457
1.5198380566801624
2.6390688259109307
1.0087044534412946
2.819230769230769
1.2176113360323888
3.5018218623481774
2.8455465587044535
2.832388663967611
3.332793522267207
2.1044534412955467
3.1396761133603235
2.8078947368421057
4.198178137651822
2.8483805668016196
2.7597165991902832
1.8655870445344132
1.1912955465587043
0.9961538461538463
1.2493927125506072
3.056477732793522
2.671862348178138
4.0076923076923086
1.6165991902834005
1.085627530364373
2.1621457489878546
3.6690283400809713
3.204655870445344
1.1433198380566807
2.3856275303643724
1.9840080971659932
3.244331983805668
2.0686234817813767
2.826923076923077
2.8364372469635626
0.6997975708502024
2.761740890688259
2.7720647773279348
3.994331983805668
1.0439271255060723
2.8008097165991908
3.264372469635627
1.3123481781376523
2.184008097165992
1.9485829959514172
4.322469635627531
1.258704453441295
3.4720647773279354
1.5621457489878539
4.356072874493927
1.8297570850202427
2.2633603238866398
1.4400809716599197
2.480769230769231
2.2983805668016193
2.620242914979758
4.432591093117409
1.6734817813765184
1.9038461538461537
3.6710526315789473
3.1465587044534415
1.9499999999999997
2.48582995951417
2.2532388663967615
1.6348178137651823
2.8141700404858296
1.0174089068825911
3.951821862348178
1.9906882591093114
1.0997975708502024
2.1900809716599188
1.3506072874493928
3.652024291497976
2.3441295546558703
1.87327935222672
1.6437246963562755
1.501214574898785
2.9825910931174073
1.4787449392712548
3.8831983805668018
1.5303643724696354
4.0489878542510125
5.039676113360324
3.9105263157894723
2.9665991902834006
1.915991902834008
4.384412955465586
1.652024291497976
0.8728744939271256
4.555263157894737
3.606477732793525
0.7358299595141699
4.342712550607288
2.2748987854251013
1.7390688259109313
2.2402834008097168
3.424493927125506
1.7680161943319834
1.9803643724696358
1.5449392712550616
1.66336032388664
2.0902834008097164
2.791902834008097
4.97591093117409
1.7619433198380565
2.5068825910931176
1.2000000000000008
2.1639676113360324
4.567611336032389
1.521457489878542
0.45708502024291486
1.5645748987854249
2.2580971659919022
2.548380566801619
3.9121457489878537
5.892105263157895
0.8635627530364374
2.766194331983806
3.5923076923076924
1.892307692307692
2.9981781376518226
2.1244939271255063
3.7376518218623485
1.7473684210526315
1.7973684210526315
2.8149797570850206
2.089878542510121
0.5975708502024288
2.8064777327935224
2.162550607287449
1.6951417004048581
1.8601214574898786
3.261943319838056
2.742914979757085
5.327935222672065
5.006882591093118
3.068218623481781
2.1544534412955474
3.0512145748987862
4.525303643724696
3.1246963562753036
2.28582995951417
3.143724696356276
0.6846153846153846
0.8360323886639687
2.1040485829959517
2.8746963562753036
3.758097165991903
1.9070850202429153
4.746153846153846
4.5473684210526315
3.3578947368421046
1.5336032388663965
3.0299595141700406
2.547165991902834
3.2382591093117417
3.428947368421053
3.581174089068826
4.073481781376518
1.9589068825910925
3.0757085020242916
3.0568825910931174
1.5647773279352224
3.0825910931174088
0.5761133603238865
0.9384615384615385
5.878744939271256
3.278542510121458
2.449797570850203
0.9625506072874497
1.4
3.8483805668016187
5.780971659919028
2.4230769230769225
0.5819838056680167
2.890283400809717
2.774089068825911
2.4226720647773283
2.7441295546558706
3.8554655870445345
0.9629554655870447
3.937854251012146
4.453846153846154
1.941902834008097
3.0886639676113368
4.647570850202429
3.695344129554656
2.527732793522267
2.2095141700404857
2.4350202429149794
3.233603238866397
2.018825910931174
2.7585020242914986
1.7829959514170044
3.2287449392712553
1.8742914979757086
2.0352226720647777
4.057287449392712
3.5957489878542512
1.6686234817813772
2.107894736842105
2.3267206477732794
3.457692307692308
0.7014170040485828
2.398380566801619
2.3473684210526313
2.182186234817814
2.4210526315789473
4.733198380566803
1.9427125506072878
5.4757085020242915
2.280161943319838
1.6890688259109314
2.7222672064777327
2.0163967611336036
1.8423076923076924
2.8593117408906887
2.1908906882591097
1.9698380566801612
5.149797570850203
0.8522267206477732
1.5708502024291497
3.9971659919028335
2.7975708502024292
1.7508097165991912
2.102631578947369
1.0844129554655875
1.4097165991902836
1.9145748987854252
3.508704453441296
3.4111336032388664
5.361943319838057
4.121255060728745
2.418825910931174
2.6943319838056676
1.7070850202429149
0.5350202429149804
2.9795546558704453
2.715587044534413
1.122672064777328
1.1761133603238865
2.58502024291498
4.1054655870445345
2.1556680161943316
4.6676113360323885
1.7868421052631585
2.2275303643724698
2.6989878542510124
4.512550607287449
2.2593117408906886
1.2064777327935228
4.1914979757085025
2.797773279352227
1.1690283400809718
5.971255060728746
2.2732793522267203
2.7295546558704453
4.760931174089069
4.04757085020243
2.5785425101214576
1.973279352226721
1.476315789473684
1.6896761133603246
2.0587044534412957
3.160931174089069
3.374291497975708
1.6469635627530361
0.8346153846153846
2.814372469635628
2.751214574898785
1.7601214574898787
1.9528340080971653
4.644534412955465
3.074493927125506
4.0417004048583
1.7192307692307693
0.7125506072874495
1.5491902834008096
1.353643724696356
1.2489878542510122
1.65910931174089
2.1410931174089067
2.0702429149797568
0.49676113360323937
3.684412955465587
3.079757085020243
1.4012145748987852
3.252834008097165
0.41174089068825914
1.295141700404857
0.46740890688259107
0.7277327935222672
2.3576923076923078
2.542105263157895
1.718421052631579
2.477935222672065
1.5165991902834008
3.314574898785425
2.538866396761134
2.4716599190283395
4.600404858299596
2.139676113360324
1.6742914979757084
2.575506072874494
0.29392712550607347
2.4518218623481784
0.3388663967611337
7.164574898785425
4.436842105263158
3.115182186234818
4.72914979757085
4.11578947368421
2.359919028340081
1.4657894736842105
0.12246963562753072
1.3544534412955465
2.0566801619433197
2.5773279352226717
1.032995951417004
1.2117408906882587
0.7823886639676116
3.27165991902834
3.0576923076923075
2.9668016194331983
3.838461538461538
3.4016194331983804
2.776113360323887
3.447165991902833
2.519028340080972
2.177530364372471
1.391497975708502
1.836437246963563
1.1062753036437243
0.8176113360323886
1.9882591093117412
1.9425101214574898
2.0951417004048585
4.89331983805668
3.499595141700405
2.1082995951417005
1.8651821862348175
2.3129554655870446
0.2933198380566807
1.4406882591093115
1.6186234817813767
2.4388663967611337
1.7558704453441298
3.084817813765182
1.508097165991902
2.0453441295546555
0.92085020242915
2.6070850202429154
0.9417004048582995
2.0544534412955455
1.8510121457489874
1.7566801619433199
3.0536437246963564
4.4645748987854255
1.5722672064777328
1.604453441295546
0.9487854251012143
1.7269230769230768
2.210323886639676
2.738056680161944
2.2064777327935223
1.9344129554655871
4.131578947368421
2.765587044534413
6.800607287449393
3.8757085020242923
3.1421052631578945
2.16497975708502
4.5864372469635635
4.431376518218623
2.433805668016194
2.853036437246962
0.3354251012145758
2.853846153846154
2.87165991902834
4.4925101214574905
2.412955465587044
3.7720647773279348
2.297165991902834
0.9704453441295553
3.3991902834008094
2.006072874493927
2.2759109311740895
4.028542510121458
2.8538461538461535
1.7949392712550605
1.6552631578947365
1.7267206477732795
1.1427125506072875
2.3722672064777335
2.6402834008097167
1.191902834008097
3.3026315789473686
3.290688259109312
2.3074898785425106
5.9892712550607285
3.1095141700404856
2.3803643724696357
4.084210526315789
1.6101214574898775
3.3495951417004046
1.4665991902834008
1.8823886639676117
3.726315789473684
2.8487854251012146
1.2912955465587044
3.2799595141700406
2.6044534412955467
0.3402834008097173
1.157894736842105
2.5036437246963557
2.476923076923077
4.485222672064777
1.8921052631578952
2.5265182186234822
2.1574898785425103
1.9246963562753039
1.8054655870445337
0.3020242914979749
0.02935222672064719
3.1463562753036434
1.9477732793522269
4.964372469635627
1.4427125506072875
5.460121457489879
1.761943319838056
7.317813765182185
1.6085020242914976
1.88502024291498
1.2038461538461538
1.804453441295547
1.7506072874493928
4.684008097165991
5.639676113360324
1.2955465587044532
2.8931174089068827
3.724898785425102
2.980161943319838
2.8109311740890686
0.549797570850203
3.4767206477732793
1.290688259109311
3.6151821862348177
0.7953441295546558
2.1376518218623484
0.6170040485829957
3.507692307692307
0.8716599190283401
2.818016194331984
2.7732793522267207
1.657692307692308
3.417813765182187
3.125303643724697
4.387651821862348
3.6046558704453435
1.3161943319838056
2.0576923076923075
2.5530364372469636
3.4206477732793523
1.0714574898785425
1.2702429149797574
3.4854251012145747
2.252429149797571
0.94251012145749
-0.19129554655870384
3.254251012145749
3.345546558704454
3.281578947368421
2.0289473684210524
1.7856275303643723
3.7473684210526317
2.6261133603238873
2.274291497975708
3.7232793522267205
2.389676113360324
2.6356275303643724
3.446153846153846
1.2795546558704451
3.628744939271255
4.129554655870445
3.5467611336032387
4.351619433198381
1.648987854251012
1.460121457489878
3.643927125506073
2.138259109311741
3.2674089068825913
1.4769230769230774
3.6542510121457488
2.223076923076923
1.6404858299595144
1.1137651821862349
6.441295546558705
0.5161943319838054
1.980566801619433
2.228947368421053
1.2107287449392714
1.7544534412955461
1.7552631578947369
5.41497975708502
2.989473684210526
1.002429149797571
3.0419028340080967
1.4366396761133606
4.165587044534413
1.8787449392712554
2.5708502024291495
3.020242914979757
-0.0331983805668018
3.1473684210526316
5.020647773279353
1.2870445344129555
2.4319838056680165
0.9997975708502025
4.382793522267206
1.4334008097165993
4.244534412955466
1.9524291497975697
2.242914979757085
1.990688259109312
1.053846153846154
0.6777327935222671
3.604858299595142
1.0647773279352224
2.5720647773279355
3.6912955465587043
2.1279352226720656
1.4400809716599197
4.595748987854251
1.9279352226720647
2.152834008097166
2.723076923076923
2.8220647773279355
2.2686234817813764
2.122874493927126
2.4884615384615385
5.874898785425101
3.089473684210526
1.1710526315789478
1.917206477732793
2.010728744939271
1.228137651821862
1.6595141700404865
1.6012145748987856
2.4396761133603233
1.5657894736842106
2.1892712550607287
1.9366396761133602
1.606275303643725
2.1629554655870447
2.1200404858299597
3.1145748987854254
2.875910931174089
4.302429149797571
1.7665991902834008
2.4919028340080973
2.285425101214575
2.2842105263157895
1.7125506072874495
1.380161943319838
3.9421052631578943
2.2495951417004045
1.6491902834008096
2.2099190283400807
1.3246963562753036
1.032793522267207
1.2364372469635618
2.0338056680161944
1.6558704453441297
3.0898785425101214
1.7688259109311737
1.9965587044534403
1.88157894736842
3.4856275303643725
3.2479757085020244
1.8157894736842102
1.614372469635627
3.004655870445344
1.842914979757085
0.7874493927125505
3.0313765182186234
2.809311740890688
0.5556680161943319
2.910931174089069
2.0384615384615383
5.253643724696356
2.289676113360324
0.9064777327935221
1.7313765182186232
5.006275303643724
4.148785425101215
1.8823886639676115
2.094331983805668
1.0028340080971658
3.130566801619432
2.080566801619433
1.4483805668016199
1.0323886639676114
2.064372469635628
1.8325910931174083
3.539068825910932
1.4453441295546563
2.210728744939272
1.1238866396761131
0.6384615384615381
1.652429149797571
1.3022267206477736
-0.4020242914979737
2.0370445344129546
2.1342105263157896
1.9196356275303639
2.973076923076923
2.513157894736842
1.7532388663967615
2.7186234817813766
4.659311740890688
2.7085020242914983
2.0402834008097166
3.0319838056680157
3.2748987854251013
3.095546558704453
2.2566801619433194
3.1544534412955456
1.5327935222672067
2.3190283400809717
1.0352226720647775
2.5024291497975706
2.8872469635627533
5.6708502024291505
3.5524291497975713
1.7751012145748988
2.788866396761134
2.559919028340081
3.8493927125506078
0.5048582995951417
1.4097165991902842
0.9194331983805668
1.9542510121457486
1.1394736842105262
2.985222672064778
2.693927125506073
2.9445344129554654
2.5145748987854253
1.8742914979757084
1.8781376518218627
2.544534412955466
1.1214574898785425
1.9095141700404858
3.6119433198380566
2.547570850202429
1.2943319838056682
3.6665991902834008
2.3785425101214575
2.226113360323887
1.3493927125506073
3.382995951417004
3.0617408906882595
1.1497975708502026
3.7668016194331977
1.192914979757085
3.4248987854251007
2.533805668016195
1.5775303643724696
1.646153846153846
4.7137651821862345
0.4408906882591097
3.636437246963562
1.5115384615384604
2.8301619433198377
3.4728744939271254
2.53421052631579
3.8002024291497984
2.555668016194332
1.1315789473684212
2.3461538461538454
1.9174089068825908
2.2779352226720646
3.129352226720648
4.128947368421053
2.044939271255061
3.939473684210526
2.3605263157894734
2.472267206477733
3.250607287449393
3.356477732793521
9.348987854251012
3.761538461538461
1.480161943319838
2.3949392712550615
1.0700404858299595
0.8890688259109312
1.9321862348178138
1.6544534412955465
2.6757085020242917
1.6605263157894743
2.0504048582995953
1.8716599190283398
2.122064777327935
1.9115384615384614
1.0002024291497977
3.752024291497976
2.055060728744939
4.542105263157894
2.091295546558704
2.2635627530364375
4.137044534412955
1.5471659919028342
2.4299595141700405
3.8795546558704457
2.3265182186234816
1.236639676113361
1.8255060728744938
2.494534412955466
2.3261133603238866
2.300202429149798
0.7767206477732793
2.710121457489879
3.567813765182186
2.308502024291498
3.5736842105263156
1.8983805668016185
5.803036437246963
2.8585020242914987
1.8817813765182183
2.034615384615385
2.6560728744939275
3.011740890688259
1.742914979757085
1.5121457489878545
3.2461538461538453
3.4714574898785426
2.5457489878542514
1.9234817813765184
6.062145748987855
3.2222672064777322
1.8676113360323887
3.1044534412955462
2.812348178137652
4.342307692307692
0.9398785425101215
1.5702429149797574
1.6010121457489883
1.718421052631579
3.3696356275303643
4.361740890688258
3.823684210526316
0.5054655870445346
2.0831983805668015
2.3107287449392713
1.075708502024292
1.9953441295546561
2.450202429149798
1.8838056680161945
2.324898785425101
1.5973684210526313
2.160121457489878
2.802226720647773
2.2601214574898787
3.053846153846154
1.7461538461538468
3.2232793522267205
2.113765182186234
0.3240890688259115
3.6769230769230767
1.584817813765183
0.8504048582995949
1.7346153846153844
2.425101214574899
1.329352226720648
1.4425101214574902
2.1317813765182185
0.8842105263157896
2.1668016194331976
2.6512145748987854
2.2795546558704447
1.445344129554656
1.5174089068825911
2.9289473684210523
3.371255060728745
2.2593117408906873
4.63076923076923
2.2497975708502027
6.5848178137651825
3.77834008097166
1.3477732793522272
3.5850202429149802
2.493927125506073
1.5799595141700404
3.3858299595141705
2.4263157894736844
1.5732793522267206
2.8898785425101217
1.0785425101214576
2.9020242914979755
2.511740890688259
2.280161943319839
2.6714574898785424
3.146558704453441
2.2089068825910934
1.549595141700405
2.957894736842105
3.0431174089068826
2.0204453441295547
3.3923076923076922
1.1307692307692307
1.422672064777328
1.519838056680162
3.0123481781376515
4.109311740890688
1.9137651821862351
1.0761133603238866
1.8617408906882598
1.126923076923077
1.85748987854251
1.137651821862348
2.2319838056680164
1.5072874493927126
3.0593117408906885
3.650202429149797
2.2176113360323884
3.553846153846154
5.03259109311741
2.3052631578947365
3.4858299595141697
1.8987854251012146
1.2485829959514168
3.071862348178138
1.5151821862348178
2.9882591093117403
4.228542510121457
4.003846153846154
1.2730769230769228
1.6676113360323885
3.5265182186234827
2.93663967611336
1.902429149797571
3.6165991902834005
3.8682186234817815
2.9550607287449395
2.516194331983806
1.6473684210526318
1.385425101214576
1.0850202429149798
3.1301619433198384
1.3283400809716601
1.928542510121457
1.7888663967611333
3.679757085020243
3.358299595141701
4.820040485829959
2.469028340080971
2.6997975708502024
3.5443319838056677
5.288056680161943
3.424696356275304
2.8275303643724694
2.5251012145748986
3.24331983805668
3.4155870445344125
1.5554655870445342
5.631174089068826
1.60668016194332
0.8234817813765182
2.125708502024292
0.6386639676113361
2.5690283400809717
3.923684210526317
1.1
2.9429149797570853
1.6724696356275304
2.224898785425101
1.734412955465587
4.267004048582995
2.9479757085020246
0.9740890688259114
1.6469635627530368
1.7674089068825913
1.7874493927125508
2.2317813765182186
1.4931174089068828
1.1706477732793523
1.2576923076923077
7.244129554655871
1.6623481781376523
2.7483805668016195
3.2253036437246965
1.638663967611336
1.2676113360323884
1.6481781376518219
2.438056680161943
2.267408906882591
1.7076923076923076
1.6232793522267208
0.9971659919028326
1.224493927125506
2.6123481781376516
3.778947368421053
2.47246963562753
2.6344129554655864
4.448582995951417
3.2441295546558706
2.547773279352227
2.7000000000000006
4.076720647773279
1.3117408906882588
3.239473684210526
3.4963562753036435
6.680971659919028
5.236437246963563
3.605870445344129
4.858502024291497
2.0720647773279355
4.215587044534413
3.2210526315789476
3.3230769230769233
2.093724696356275
1.7457489878542511
1.821052631578947
5.162955465587045
1.716801619433198
2.3834008097165995
2.5133603238866398
3.3465587044534417
6.781983805668016
2.027935222672065
2.423076923076923
2.691497975708502
1.9882591093117412
2.919838056680162
1.583603238866397
1.4165991902834008
1.3799595141700407
2.2309716599190286
1.9453441295546559
7.5951417004048585
3.8107287449392717
2.710323886639676
4.497570850202429
0.516396761133603
4.715182186234818
2.563967611336032
3.142307692307693
1.031578947368421
2.454858299595142
1.4255060728744937
1.667408906882591
3.653238866396761
2.9293522267206478
0.9734817813765192
2.9621457489878535
3.333603238866397
3.8576923076923073
1.9491902834008101
2.7030364372469635
1.9143724696356272
3.8163967611336034
2.4107287449392714
1.623076923076923
1.1917004048583
2.4206477732793523
1.226315789473683
2.6580971659919026
3.246963562753036
1.4672064777327933
1.7165991902834006
4.450202429149798
2.0665991902834007
3.1419028340080977
1.7022267206477735
2.7196356275303644
2.0834008097166
0.9176113360323886
2.9285425101214577
2.6641700404858306
1.4850202429149801
2.3125506072874495
1.027732793522267
2.312753036437247
2.9619433198380567
5.239473684210527
2.4392712550607287
3.2684210526315787
2.320242914979757
4.0497975708502025
1.2716599190283402
4.089676113360324
1.9512145748987857
2.373481781376518
2.7012145748987852
1.8939271255060723
1.0694331983805654
1.8431174089068825
3.659716599190283
0.8508097165991902
2.547975708502024
2.256275303643725
1.3153846153846156
3.714574898785425
0.8451417004048587
3.523279352226721
2.178137651821862
2.316194331983806
0.6672064777327935
6.629959514170041
2.605060728744939
1.5423076923076924
0.8947368421052634
1.825303643724697
1.9708502024291497
2.103441295546559
0.975506072874494
3.2419028340080973
1.4953441295546561
2.035425101214575
2.222874493927126
3.5129554655870443
0.9923076923076923
3.696153846153846
1.9991902834008095
3.5192307692307696
3.575910931174089
1.8159919028340075
1.821862348178137
1.1512145748987854
2.3674089068825905
2.2868421052631582
2.0613360323886645
2.453441295546559
2.0091093117408905
2.2277327935222675
2.6058704453441304
2.4526315789473676
2.23582995951417
4.281174089068826
3.530364372469636
1.5578947368421054
4.98421052631579
0.9512145748987857
2.2004048582995948
1.764372469635628
3.1783400809716595
2.847975708502024
3.023076923076923
2.6534412955465583
0.43542510121457534
2.9176113360323885
3.8261133603238866
2.1097165991902838
3.838866396761134
2.7807692307692307
2.35
1.0945344129554657
2.3295546558704454
2.509514170040486
1.8453441295546555
1.5012145748987853
1.5325910931174092
1.1346153846153846
3.511336032388664
1.6582995951417008
1.6995951417004052
1.323481781376518
1.5836032388663952
0.53582995951417
3.4582995951416997
2.9145748987854256
1.5020242914979756
1.2382591093117408
1.1020242914979756
2.123886639676113
1.5532388663967607
2.1704453441295546
2.9698380566801617
3.76417004048583
0.9048582995951413
2.623076923076923
1.499595141700405
2.5208502024291493
2.5224696356275302
3.572267206477732
3.839676113360324
5.632995951417005
2.416801619433198
0.8538461538461537
3.8688259109311742
1.9289473684210532
2.8327935222672065
1.6520242914979757
2.3957489878542506
1.8593117408906883
4.922267206477733
3.496356275303644
2.6327935222672068
1.610526315789474
2.167206477732793
3.37672064777328
3.812550607287449
1.0516194331983808
3.0587044534412953
1.5619433198380568
1.7064777327935219
1.597975708502024
2.3052631578947365
1.7977732793522272
3.876113360323886
2.2291497975708503
3.59331983805668
1.5530364372469636
0.2508097165991906
1.796761133603239
6.366801619433199
4.099595141700405
4.2655870445344135
0.8963562753036438
1.8716599190283403
2.7473684210526317
2.128137651821862
2.456882591093118
2.033603238866397
1.236234817813765
6.726113360323886
1.4497975708502022
1.403643724696357
1.7368421052631584
1.0301619433198381
5.04757085020243
1.7336032388663967
2.5710526315789473
2.5548582995951414
4.343319838056679
2.5645748987854255
0.356275303643725
2.002834008097166
0.9880566801619428
2.0791497975708504
5.867813765182187
2.0060728744939276
1.5732793522267203
1.5825910931174088
2.6457489878542506
1.1111336032388666
1.5046558704453445
1.771862348178138
2.74919028340081
2.0265182186234822
4.636032388663968
3.1815789473684206
1.2437246963562756
1.6504048582995952
1.5722672064777332
1.4977732793522271
0.7941295546558704
2.435425101214575
2.917408906882592
2.5740890688259115
2.59757085020243
1.8834008097165993
1.1528340080971662
1.238866396761134
3.2846153846153836
1.7617408906882592
1.8884615384615389
2.146558704453441
2.1914979757085016
0.9461538461538461
4.9255060728744935
1.0277327935222673
2.447165991902834
1.9479757085020244
3.9777327935222675
3.3546558704453444
1.7206477732793521
0.8708502024291489
4.159514170040486
4.155668016194332
0.7453441295546552
2.375506072874494
1.5714574898785423
3.6813765182186233
3.0868421052631585
3.4491902834008092
1.1706477732793523
1.157894736842105
1.5070850202429151
1.8844129554655868
2.4566801619433196
2.1080971659919028
3.0550607287449396
3.9884615384615394
4.660931174089069
2.475506072874494
1.3753036437246964
2.912955465587044
1.4882591093117408
2.5769230769230766
2.1502024291497976
2.287651821862348
0.27591093117408894
2.1036437246963566
3.026113360323887
2.4372469635627527
3.733603238866396
3.1700404858299596
3.471255060728745
5.244939271255061
1.0674089068825912
1.8993927125506074
1.3506072874493924
1.7046558704453443
2.483198380566802
1.5560728744939272
3.043927125506073
2.389271255060729
3.3085020242914998
6.094534412955465
1.07165991902834
2.119433198380567
4.411538461538462
2.2906882591093116
4.083805668016194
1.9267206477732792
2.7485829959514168
3.349797570850202
3.2419028340080973
2.5352226720647772
2.9074898785425103
2.638663967611336
1.4246963562753032
2.1111336032388666
2.3388663967611336
2.0412955465587044
1.7850202429149795
1.9230769230769231
3.025910931174089
2.396761133603239
2.087651821862348
2.6825910931174084
4.350404858299595
1.107085020242915
4.362753036437247
2.3483805668016196
2.2433198380566806
4.836032388663968
1.7931174089068822
6.575303643724697
3.433603238866397
7.375506072874494
1.5912955465587049
2.9305668016194333
2.088056680161943
1.4157894736842103
1.3220647773279353
1.351417004048583
0.8182186234817816
1.07246963562753
2.792914979757085
0.8637651821862351
1.2979757085020243
1.2388663967611337
2.3107287449392704
2.2884615384615383
2.442712550607287
1.5999999999999992
1.530566801619433
4.242307692307692
5.043522267206477
3.436234817813765
2.070242914979757
3.23502024291498
1.4313765182186233
3.4672064777327933
1.42834008097166
2.361336032388664
2.455668016194332
3.438056680161943
2.067611336032389
2.208906882591093
3.849797570850203
3.8242914979757083
1.8890688259109307
3.918825910931174
2.187854251012146
1.805263157894737
1.1044534412955467
3.2819838056680157
2.389878542510121
4.378744939271255
1.6647773279352227
2.574898785425102
3.9746963562753033
4.191093117408907
2.3945344129554655
1.5327935222672067
2.618825910931174
2.3971659919028334
2.447773279352227
0.5967611336032387
5.812145748987855
3.0479757085020243
1.872267206477733
2.6006072874493924
2.1338056680161945
3.613360323886639
3.3627530364372467
1.9437246963562753
6.602834008097165
2.894534412955465
3.8831983805668018
0.6443319838056687
2.315587044534413
2.2437246963562756
1.6732793522267202
1.5751012145748988
5.695141700404857
2.6048582995951417
4.4773279352226725
2.03421052631579
3.432388663967611
1.628744939271255
4.694534412955465
2.539878542510121
2.9718623481781385
2.1813765182186233
2.967813765182186
2.430161943319838
5.949797570850203
1.5022267206477735
2.534412955465587
2.312550607287449
1.344331983805668
1.362753036437247
2.258906882591093
2.7386639676113362
3.946761133603239
3.2886639676113356
2.458704453441295
2.382995951417004
3.2222672064777327
2.247165991902834
2.275303643724696
2.662550607287449
1.6917004048583009
5.631983805668016
2.528947368421053
3.8188259109311735
2.453441295546559
1.4421052631578952
1.8550607287449394
3.2641700404858303
4.783805668016194
1.9536437246963563
1.7921052631578935
3.13582995951417
1.3908906882591092
1.9755060728744942
2.786437246963563
2.576315789473684
0.7890688259109309
4.400607287449393
0.23846153846153817
0.881174089068826
3.409514170040486
2.6321862348178136
3.372874493927125
2.819230769230769
0.898582995951417
1.6028340080971661
0.9376518218623484
2.7714574898785425
3.4955465587044534
3.564574898785425
4.414777327935223
2.013765182186235
1.5123481781376518
1.937854251012145
2.0034412955465584
4.0935222672064775
8.683603238866397
2.6404858299595144
0.9935222672064777
2.4285425101214577
6.002226720647774
1.7665991902834008
3.960323886639676
1.1283400809716597
1.3635627530364374
3.974493927125506
1.3279352226720649
3.877125506072874
4.111943319838057
2.6054655870445345
2.3313765182186237
2.4427125506072875
0.6402834008097167
3.0141700404858303
0.7376518218623478
1.5417004048582994
1.076923076923077
0.5285425101214574
3.7414979757085023
1.6775303643724695
2.4941295546558706
1.8168016194331975
2.403441295546558
1.1661943319838057
2.378947368421053
2.974493927125506
2.7493927125506072
2.3210526315789477
2.1184210526315788
2.5105263157894755
0.41174089068826
2.2350202429149797
1.6744939271255062
1.6777327935222672
5.663967611336033
4.181781376518218
3.6082995951417
1.4161943319838057
5.137651821862348
2.5969635627530363
3.327327935222672
1.9427125506072869
2.075910931174089
2.7876518218623483
2.3530364372469634
3.0042510121457497
2.5854251012145744
3.427935222672065
3.5742914979757083
1.7085020242914992
4.460728744939271
1.7388663967611335
3.0736842105263165
2.2348178137651824
5.654048582995951
3.486234817813765
1.6412955465587045
2.6880566801619428
2.548178137651822
4.142307692307693
2.50748987854251
1.484817813765182
1.3117408906882593
3.4161943319838066
5.59331983805668
2.2020242914979753
2.133603238866397
2.434817813765182
5.5044534412955475
1.0779352226720647
2.4720647773279354
2.115384615384616
1.6694331983805668
1.2477732793522271
2.6578947368421053
1.590485829959514
0.8289473684210551
4.0951417004048585
3.7623481781376515
2.2303643724696363
1.6481781376518219
2.0997975708502024
1.2516194331983805
3.497165991902834
3.242914979757085
1.8542510121457494
1.4066801619433198
1.0578947368421052
3.1253036437246964
3.5018218623481783
2.0791497975708504
2.857085020242915
8.755668016194331
4.842307692307693
3.35991902834008
0.6445344129554657
4.573076923076923
1.4755060728744942
5.3562753036437245
2.0744939271255065
3.060526315789474
2.0655870445344124
2.363967611336033
4.312753036437247
2.194736842105263
1.904655870445344
2.8151821862348183
2.5374493927125505
1.4425101214574902
2.258704453441296
2.207894736842106
4.773684210526316
2.8358299595141703
3.0763157894736843
5.156477732793522
1.968218623481782
3.3981781376518216
2.4062753036437248
0.15344129554655853
2.5554655870445337
4.592105263157895
3.2350202429149792
4.72914979757085
1.975910931174089
3.1174089068825914
0.6755060728744939
3.2993927125506075
1.9518218623481784
2.967813765182187
1.0753036437246963
1.9708502024291494
3.2979757085020243
2.182186234817814
3.049392712550607
7.093724696356276
1.480364372469635
0.29089068825910896
3.7831983805668017
1.701417004048583
3.7020242914979753
1.6530364372469633
2.3323886639676115
6.082995951417004
0.9831983805668016
1.7334008097165992
4.123481781376518
3.4528340080971662
2.016396761133604
2.0331983805668017
3.2969635627530365
1.4054655870445343
2.101821862348178
2.130971659919028
1.4461538461538457
1.7303643724696358
1.0732793522267208
2.772672064777328
3.5957489878542512
3.952024291497975
3.0825910931174088
3.9226720647773288
1.9402834008097165
2.7955465587044532
3.159919028340081
2.1184210526315788
2.9170040485829962
3.3119433198380563
1.2441295546558706
4.453036437246964
2.2072874493927124
1.7848178137651822
1.8512145748987854
2.25748987854251
2.0121457489878543
5.1421052631578945
1.831174089068826
2.638056680161944
3.76417004048583
3.061943319838057
2.472267206477733
1.5605263157894733
3.4589068825910934
4.041497975708502
0.6840080971659921
2.81417004048583
1.4720647773279358
1.5186234817813764
0.48117408906882625
2.1050607287449394
2.446761133603238
1.2165991902834006
4.471255060728745
1.0495951417004048
3.2902834008097166
6.248178137651822
4.0394736842105265
1.4981781376518217
1.3481781376518216
4.282995951417004
2.135425101214575
3.771457489878543
1.168825910931174
1.2718623481781375
1.119230769230769
1.5838056680161943
1.5006072874493925
2.4427125506072875
1.3870445344129556
2.4748987854251014
4.001214574898785
1.1386639676113361
1.1384615384615382
2.7611336032388665
1.2661943319838056
2.5896761133603237
2.0
0.8629554655870446
4.029352226720648
1.0795546558704454
3.431983805668016
2.0961538461538467
1.6781376518218627
3.909514170040486
2.887854251012145
2.370445344129555
3.172064777327935
1.9459514170040486
1.4346153846153846
1.922874493927126
2.2402834008097168
4.099797570850202
3.0435222672064777
0.9305668016194335
2.732388663967611
1.0285425101214578
3.2888663967611333
1.448582995951417
-0.06417004048583075
3.9939271255060724
2.257085020242915
2.981983805668017
5.318623481781376
0.5653846153846154
1.7759109311740893
0.62834008097166
1.7653846153846153
2.6089068825910937
3.170647773279352
1.8548582995951415
3.139878542510121
2.204251012145749
3.3874493927125506
1.7147773279352225
2.0615384615384618
2.565182186234818
0.9686234817813765
3.3997975708502017
1.3696356275303643
4.868623481781376
1.6702429149797573
2.6518218623481786
1.5544534412955464
1.6089068825910928
2.009919028340081
3.388461538461539
5.659109311740889
3.2688259109311746
2.095748987854251
3.447368421052631
1.4512145748987852
2.673886639676114
2.340890688259109
1.3277327935222671
1.5344129554655872
1.4161943319838062
4.217813765182186
-0.24372469635627486
2.273076923076923
3.546963562753036
1.6536437246963558
2.770445344129554
2.268016194331985
3.413157894736842
2.4597165991902825
5.6485829959514176
2.2127530364372467
1.1746963562753034
5.176720647773279
2.7945344129554655
1.3951417004048583
3.2621457489878543
2.9400809716599197
3.452024291497975
1.798582995951417
2.817004048582996
3.407692307692308
2.825708502024292
2.9704453441295553
1.1030364372469634
3.837044534412955
1.3489878542510119
3.5277327935222673
1.8813765182186226
0.9977732793522263
4.135627530364372
6.178137651821862
3.27753036437247
1.3097165991902833
1.3526315789473684
3.7014170040485825
0.7880566801619435
3.4894736842105263
1.5246963562753035
1.2979757085020243
2.0672064777327934
2.8180161943319835
1.6358299595141703
0.8526315789473684
3.952834008097166
1.5599190283400803
3.4006072874493922
4.050809716599191
1.2291497975708503
1.3753036437246966
1.4305668016194333
2.866194331983806
3.567004048582996
1.7981781376518216
1.6672064777327944
1.7238866396761132
2.14089068825911
0.4708502024291501
2.031376518218624
2.487651821862348
3.2176113360323884
2.854655870445344
3.798380566801619
1.0313765182186243
1.1801619433198378
2.4082995951417003
3.709716599190283
4.121052631578947
2.3619433198380566
1.4888663967611337
1.9852226720647772
2.456882591093118
0.500404858299595
1.2597165991902832
3.1740890688259116
0.8204453441295545
1.3767206477732792
3.269230769230769
2.973481781376519
1.6931174089068828
3.107085020242915
3.751821862348179
2.074493927125506
3.9392712550607287
2.5392712550607284
2.8712550607287457
2.4358299595141704
1.994331983805668
2.0789473684210535
3.6491902834008108
2.316599190283401
1.6951417004048581
3.0649797570850197
0.9471659919028338
4.760526315789473
3.12085020242915
2.8564777327935222
1.7455465587044539
1.5396761133603238
4.05
4.28421052631579
3.679554655870445
2.1959514170040495
4.376315789473685
2.015587044534413
7.592307692307693
1.6070850202429152
1.81417004048583
2.6331983805668013
3.524898785425101
3.1111336032388666
4.277530364372469
2.0054655870445344
2.778542510121458
1.639676113360324
1.9301619433198383
5.259311740890688
2.206882591093117
4.6396761133603235
4.1923076923076925
1.6087044534412955
2.444129554655871
3.719028340080973
1.8157894736842106
1.9331983805668025
1.7024291497975708
2.166396761133603
0.862348178137652
3.898785425101216
2.295748987854251
2.0759109311740893
1.463967611336033
2.332793522267207
1.9876518218623485
2.646558704453441
1.5030364372469636
2.7350202429149797
2.896558704453441
1.4546558704453443
1.2815789473684207
2.665991902834008
3.6493927125506067
2.864372469635627
2.3864372469635633
2.21417004048583
1.484008097165991
3.136842105263157
6.352834008097165
2.5775303643724694
1.7246963562753037
2.946963562753036
2.5801619433198386
2.6771255060728745
2.408704453441296
3.4919028340080978
1.3186234817813764
2.8006072874493935
2.4829959514170032
3.4157894736842103
2.803846153846154
1.1321862348178138
2.344736842105263
2.477935222672065
1.6870445344129559
3.4532388663967613
1.6129554655870448
2.7582995951417004
1.22834008097166
1.9506072874493927
2.9655870445344132
1.2975708502024288
2.014372469635627
1.5226720647773277
3.2350202429149797
2.337854251012145
3.0103238866396764
2.5655870445344124
2.110931174089069
3.312145748987854
1.7823886639676114
2.310526315789474
2.0696356275303645
3.720647773279352
4.7178137651821865
2.3151821862348174
2.475506072874494
3.1048582995951417
3.5218623481781375
3.3872469635627533
3.4670040485829965
2.0483805668016197
4.40425101214575
1.0951417004048578
1.7334008097165985
2.972267206477733
0.6744939271255063
0.8908906882591097
1.648178137651822
2.2546558704453443
1.1380566801619434
3.1443319838056674
1.6313765182186237
3.57834008097166
2.9651821862348178
1.2668016194331986
1.3325910931174085
4.463157894736842
4.545141700404859
0.9022267206477732
2.2447368421052634
3.1238866396761136
3.6607287449392714
1.308097165991903
1.6975708502024291
3.1475708502024293
3.624089068825911
3.2840080971659917
2.288866396761134
4.77753036437247
2.067206477732794
1.323684210526316
2.3066801619433193
1.8566801619433204
2.113157894736842
1.1455465587044535
3.7301619433198376
1.320647773279352
3.4222672064777324
1.3218623481781384
0.9016194331983808
3.4305668016194337
3.096963562753036
2.5704453441295545
2.538259109311741
2.5372469635627524
2.0269230769230773
1.789473684210526
2.348785425101214
2.8872469635627525
1.4010121457489881
3.019230769230769
3.1748987854251016
0.7550607287449393
1.4710526315789472
3.016194331983806
1.6491902834008099
1.6840080971659919
2.252226720647773
2.5493927125506075
2.693724696356275
0.8921052631578951
3.512753036437247
3.4457489878542513
4.428947368421053
2.1963562753036436
4.0935222672064775
3.9153846153846152
2.8876518218623475
2.4354251012145745
3.503643724696356
1.3510121457489876
2.4977732793522267
4.390080971659919
3.4848178137651824
0.45607287449392714
2.6886639676113364
2.527935222672064
1.3396761133603239
2.7751012145748986
1.4655870445344132
0.5694331983805667
2.0514170040485835
1.7706477732793522
3.360323886639676
2.830364372469635
1.504655870445344
2.046761133603239
0.44129554655870407
2.2157894736842105
1.6157894736842104
0.9607287449392714
0.8151821862348178
4.662753036437248
3.99331983805668
3.2368421052631575
2.516599190283401
3.1518218623481777
1.5240890688259112
2.6831983805668016
2.6985829959514174
5.2216599190283395
5.234615384615385
2.0817813765182187
2.360323886639676
2.2585020242914977
2.4354251012145753
1.1880566801619432
1.9176113360323872
1.5949392712550603
2.0542510121457487
2.4046558704453442
0.7771255060728747
2.621052631578948
3.2344129554655874
1.2593117408906878
2.362348178137652
3.5917004048582997
3.87834008097166
3.860121457489879
2.086234817813766
1.560121457489878
4.136032388663968
1.9269230769230772
1.833805668016194
3.202226720647774
0.6945344129554651
2.422267206477733
3.103441295546559
2.867004048582996
1.386437246963563
1.2127530364372467
1.7562753036437244
2.2801619433198383
1.78663967611336
3.2004048582995956
5.183603238866397
2.0799595141700404
2.177935222672065
1.154655870445344
4.712753036437247
2.079352226720648
2.627125506072874
1.7240890688259116
2.5700404858299595
2.495141700404858
0.2500000000000001
2.162753036437247
6.045951417004049
1.637044534412956
1.7888663967611336
1.317813765182186
3.7979757085020243
2.1467611336032393
2.793522267206478
2.520040485829959
2.5836032388663965
4.319433198380567
1.8813765182186235
2.710323886639676
2.5665991902834007
3.9161943319838057
3.6967611336032387
1.603441295546559
2.3900809716599194
2.080161943319838
3.4767206477732793
2.8840080971659914
5.523886639676113
5.031983805668016
3.3275303643724694
1.3089068825910926
3.7417004048582987
3.0562753036437247
4.6157894736842096
1.7455465587044534
0.8759109311740891
2.6912955465587043
2.7305668016194335
1.6034412955465593
2.8336032388663965
3.4601214574898784
2.0522267206477727
2.9751012145748987
2.6997975708502038
1.9279352226720647
1.43582995951417
1.9491902834008097
3.468016194331984
3.2923076923076926
2.525910931174089
1.9643724696356275
1.3382591093117409
1.4338056680161957
1.7366396761133605
1.1240890688259106
2.072672064777328
2.7251012145748987
3.8817813765182185
4.913765182186235
2.387044534412955
0.9315789473684211
3.362753036437246
1.681174089068826
2.386437246963563
1.982591093117409
1.0406882591093112
1.236437246963563
1.722874493927125
4.1485829959514176
2.448987854251012
1.7801619433198381
3.090688259109312
1.0801619433198382
3.171862348178138
1.6769230769230772
2.4582995951417
3.039676113360324
3.345748987854252
3.0929149797570847
1.8854251012145746
3.6475708502024293
2.5566801619433197
2.5133603238866398
1.551619433198381
2.3461538461538463
2.0076923076923077
2.46417004048583
2.090283400809717
2.201012145748988
1.2267206477732795
3.0785425101214576
5.129149797570851
2.0945344129554653
3.2340080971659915
0.580566801619434
4.422469635627531
3.2497975708502027
2.983198380566802
2.996963562753036
3.8109311740890686
2.5759109311740893
1.9767206477732795
1.5995951417004048
2.9014170040485836
3.1093117408906874
1.4898785425101215
1.6686234817813763
3.10506072874494
1.1008097165991892
4.483805668016194
3.2178137651821856
2.425506072874494
2.631983805668016
9.596558704453441
2.12834008097166
1.0271255060728746
2.6720647773279356
0.960323886639676
0.7937246963562758
1.2362348178137648
2.660526315789474
2.246761133603239
0.26821862348178155
2.519230769230769
6.367004048582996
2.8572874493927127
1.1012145748987843
2.3206477732793522
2.3823886639676117
5.6070850202429146
3.9178137651821863
2.271862348178137
7.194331983805668
1.7204453441295544
4.526923076923077
1.441497975708502
3.123076923076923
2.0196356275303637
0.8971659919028341
1.6267206477732794
2.090283400809717
4.373279352226721
2.0530364372469636
1.1738866396761134
3.1206477732793525
3.564372469635628
2.60748987854251
1.175910931174089
5.402631578947368
2.2032388663967604
1.167408906882591
3.301214574898786
1.5062753036437249
2.0657894736842106
2.902631578947368
2.4795546558704453
3.4500000000000006
2.176518218623481
2.3317813765182187
1.9283400809716598
3.313157894736842
2.080161943319838
2.7753036437246963
3.1398785425101217
0.567813765182186
1.4587044534412958
0.8585020242914976
1.0291497975708501
3.948987854251012
5.804453441295547
1.181578947368421
2.3137651821862346
2.4850202429149797
2.829554655870446
0.7457489878542503
3.1550607287449397
2.1815789473684215
2.1060728744939268
1.5943319838056684
2.789473684210527
1.9704453441295553
1.1238866396761131
3.4080971659919035
4.208906882591093
0.9109311740890689
3.010728744939271
2.348582995951417
1.3319838056680162
3.9912955465587046
2.507894736842106
1.3821862348178138
3.256275303643725
1.1198380566801611
4.180161943319838
0.32914979757084994
1.877327935222672
2.4836032388663964
1.6892712550607285
2.400607287449393
2.986437246963563
3.2125506072874495
0.6123481781376523
2.6538461538461537
1.4234817813765182
4.232388663967612
3.224493927125506
1.307287449392713
1.9143724696356275
2.222064777327935
2.193522267206478
2.073076923076923
2.668623481781377
2.628137651821862
2.7109311740890685
1.1342105263157896
2.4232793522267206
1.3465587044534413
0.5732793522267207
1.389676113360324
4.022672064777328
2.983603238866396
4.260323886639675
1.686234817813765
2.003036437246964
4.754251012145748
3.7336032388663978
2.242914979757085
1.3018218623481783
2.968218623481781
1.8870445344129554
4.173481781376518
2.2795546558704456
2.291902834008097
1.2204453441295549
1.216194331983806
3.2291497975708507
1.5880566801619436
3.425910931174089
3.357894736842105
2.18421052631579
2.0331983805668017
1.6890688259109308
2.327327935222672
2.5295546558704447
2.0605263157894744
5.090485829959515
3.0931174089068825
1.4253036437246962
2.3714574898785425
1.9941295546558697
6.801821862348178
2.2095141700404857
1.5763157894736846
1.0451417004048584
0.8097165991902837
3.8645748987854254
3.280769230769231
1.101417004048583
2.4477732793522264
2.487854251012146
3.6220647773279353
4.768421052631578
4.6022267206477725
1.9137651821862347
5.472064777327935
1.5663967611336034
0.21194331983805592
1.824493927125506
3.346153846153846
3.1599190283400813
2.508704453441296
0.6358299595141703
2.2208502024291494
3.6765182186234817
3.7087044534412956
1.3724696356275303
2.35910931174089
2.643522267206478
2.952631578947368
0.38441295546558685
2.167004048582996
3.0621457489878545
2.411336032388664
1.4439271255060728
2.258299595141701
4.521457489878543
2.447165991902834
2.5356275303643723
3.3781376518218624
1.4176113360323885
5.914777327935223
3.1637651821862347
2.410728744939271
2.9242914979757084
4.907894736842105
5.740485829959513
2.295546558704454
3.671862348178138
2.8771255060728746
3.4445344129554654
2.3212550607287445
3.0504048582995944
3.462753036437247
2.1062753036437245
2.0712550607287445
2.3323886639676115
1.3016194331983808
1.3728744939271258
4.123076923076923
3.3481781376518223
1.9734817813765178
2.213157894736842
8.944939271255059
2.0534412955465586
2.810323886639676
1.8805668016194335
3.1676113360323885
2.6336032388663964
3.198380566801619
1.2967611336032387
2.8240890688259115
3.592307692307693
